ISO28178							
ORIGINATOR "CGATS"							
FILE_DESCRIPTOR "CGATS21-2-CRPC5"							
# Characterized Reference Printing Condition 5, Universal Pub Coated							
CREATED "December, 2012"							
MEASUREMENT_GEOMETRY "ISO 13655 - Reflection, M1, white backing"							
FILTER "D50"							
# Reference White Point (LAB) = 92.00  0.00  0.00							
# Reference Black Point (LAB) = 9.20  0.00  1.86							
NUMBER_OF_FIELDS 8							
BEGIN_DATA_FORMAT							
SAMPLE_ID CMYK_C CMYK_M CMYK_Y CMYK_K LAB_L LAB_A LAB_B							
END_DATA_FORMAT							
NUMBER_OF_SETS 1617							
BEGIN_DATA							
1	0	0	0	0	92	0	0
2	0	10	0	0	87.15	6.56	-1.04
3	0	20	0	0	82.54	12.94	-2.02
4	0	30	0	0	77.8	19.7	-2.89
5	0	40	0	0	73.1	26.65	-3.64
6	0	55	0	0	65.95	37.97	-4.43
7	0	70	0	0	58.94	50.06	-4.66
8	0	85	0	0	52.5	62.09	-4.42
9	0	100	0	0	48	71	-4
10	10	0	0	0	88.14	-3.29	-4.71
11	10	10	0	0	83.54	3.07	-5.68
12	10	20	0	0	79.12	9.27	-6.57
13	10	30	0	0	74.59	15.82	-7.4
14	10	40	0	0	70.05	22.65	-8.09
15	10	55	0	0	63.2	33.66	-8.84
16	10	70	0	0	56.45	45.55	-9.05
17	10	85	0	0	50.29	57.42	-8.79
18	10	100	0	0	45.95	66.23	-8.45
19	20	0	0	0	84.36	-6.58	-9.35
20	20	10	0	0	79.96	-0.42	-10.23
21	20	20	0	0	75.72	5.59	-11.06
22	20	30	0	0	71.41	11.95	-11.82
23	20	40	0	0	67.07	18.68	-12.43
24	20	55	0	0	60.49	29.41	-13.13
25	20	70	0	0	54.02	41.11	-13.31
26	20	85	0	0	48.06	52.86	-13.07
27	20	100	0	0	43.84	61.59	-12.77
28	30	0	0	0	80.58	-10.01	-14.02
29	30	10	0	0	76.39	-4.05	-14.79
30	30	20	0	0	72.37	1.75	-15.54
31	30	30	0	0	68.26	7.93	-16.2
32	30	40	0	0	64.12	14.46	-16.75
33	30	55	0	0	57.82	24.96	-17.37
34	30	70	0	0	51.6	36.46	-17.52
35	30	85	0	0	45.83	48.08	-17.3
36	30	100	0	0	41.72	56.69	-17.04
37	40	0	0	0	76.77	-13.58	-18.73
38	40	10	0	0	72.8	-7.79	-19.38
39	40	20	0	0	69.01	-2.21	-20.01
40	40	30	0	0	65.11	3.79	-20.56
41	40	40	0	0	61.19	10.07	-21.03
42	40	55	0	0	55.16	20.34	-21.55
43	40	70	0	0	49.17	31.59	-21.67
44	40	85	0	0	43.57	42.98	-21.5
45	40	100	0	0	39.56	51.42	-21.27
46	55	0	0	0	71.13	-19.46	-25.77
47	55	10	0	0	67.47	-13.88	-26.22
48	55	20	0	0	64	-8.5	-26.64
49	55	30	0	0	60.41	-2.77	-27.04
50	55	40	0	0	56.79	3.29	-27.35
51	55	55	0	0	51.19	13.07	-27.76
52	55	70	0	0	45.54	23.88	-27.84
53	55	85	0	0	40.17	34.82	-27.76
54	55	100	0	0	36.3	43	-27.67
55	70	0	0	0	65.57	-25.81	-32.75
56	70	10	0	0	62.28	-20.46	-32.93
57	70	20	0	0	59.13	-15.31	-33.12
58	70	30	0	0	55.85	-9.83	-33.29
59	70	40	0	0	52.51	-4.05	-33.43
60	70	55	0	0	47.3	5.26	-33.66
61	70	70	0	0	41.94	15.47	-33.74
62	70	85	0	0	36.75	25.9	-33.8
63	70	100	0	0	32.97	33.66	-33.89
64	85	0	0	0	60.42	-32.29	-39.32
65	85	10	0	0	57.49	-27.14	-39.16
66	85	20	0	0	54.65	-22.18	-39.08
67	85	30	0	0	51.65	-16.94	-39.02
68	85	40	0	0	48.56	-11.39	-39
69	85	55	0	0	43.69	-2.54	-39.05
70	85	70	0	0	38.57	7.09	-39.14
71	85	85	0	0	33.5	16.87	-39.38
72	85	100	0	0	29.68	24.1	-39.7
73	100	0	0	0	57	-37	-44
74	100	10	0	0	54.17	-32.14	-43.55
75	100	20	0	0	51.53	-27.31	-43.25
76	100	30	0	0	48.74	-22.25	-43.02
77	100	40	0	0	45.78	-16.77	-42.9
78	100	55	0	0	41.13	-8.25	-42.87
79	100	70	0	0	36.17	0.9	-42.96
80	100	85	0	0	31.09	10.17	-43.4
81	100	100	0	0	27	17	-44
82	0	0	10	0	91.33	-0.67	8.23
83	0	10	10	0	86.61	5.93	6.74
84	0	20	10	0	82.08	12.32	5.38
85	0	30	10	0	77.45	19.08	4.13
86	0	40	10	0	72.82	26.04	3.19
87	0	55	10	0	65.83	37.41	1.72
88	0	70	10	0	58.96	49.52	0.98
89	0	85	10	0	52.68	61.48	0.7
90	0	100	10	0	48.26	70.38	0.66
91	10	0	10	0	87.57	-4.28	3.41
92	10	10	10	0	82.81	1.51	1.86
93	10	20	10	0	78.26	8	0.55
94	10	30	10	0	73.72	14.81	-0.64
95	10	40	10	0	69.21	21.89	-1.61
96	10	55	10	0	62.46	33.19	-2.88
97	10	70	10	0	55.7	45.54	-3.59
98	10	85	10	0	49.91	57.06	-3.82
99	10	100	10	0	45.96	65.3	-3.83
100	20	0	10	0	83.85	-7.82	-1.34
101	20	10	10	0	79.07	-2.47	-3.1
102	20	20	10	0	74.67	3.9	-4.3
103	20	30	10	0	70.34	10.52	-5.39
104	20	40	10	0	66.04	17.52	-6.25
105	20	55	10	0	59.57	28.59	-7.4
106	20	70	10	0	53.09	40.76	-8.06
107	20	85	10	0	47.51	52.19	-8.27
108	20	100	10	0	43.7	60.38	-8.3
109	30	0	10	0	80.13	-11.51	-6.11
110	30	10	10	0	75.54	-6.26	-7.73
111	30	20	10	0	71.36	-0.14	-8.83
112	30	30	10	0	67.15	6.25	-9.87
113	30	40	10	0	63.03	13.1	-10.66
114	30	55	10	0	56.81	23.94	-11.72
115	30	70	10	0	50.57	35.93	-12.33
116	30	85	10	0	45.17	47.2	-12.59
117	30	100	10	0	41.48	55.27	-12.64
118	40	0	10	0	76.4	-15.35	-10.9
119	40	10	10	0	72.16	-9.99	-12.19
120	40	20	10	0	68.21	-4.12	-13.14
121	40	30	10	0	64.19	2.09	-14.06
122	40	40	10	0	60.16	8.67	-14.85
123	40	55	10	0	54.17	19.24	-15.85
124	40	70	10	0	48.14	30.99	-16.46
125	40	85	10	0	42.89	42.03	-16.76
126	40	100	10	0	39.3	49.93	-16.83
127	55	0	10	0	70.83	-21.61	-18.09
128	55	10	10	0	67.1	-16.14	-18.84
129	55	20	10	0	63.45	-10.5	-19.6
130	55	30	10	0	59.74	-4.55	-20.34
131	55	40	10	0	56	1.73	-21
132	55	55	10	0	50.28	11.87	-21.92
133	55	70	10	0	44.54	23.17	-22.52
134	55	85	10	0	39.52	33.78	-22.92
135	55	100	10	0	36.04	41.43	-23.08
136	70	0	10	0	65.35	-28.34	-25.24
137	70	10	10	0	62.03	-22.97	-25.66
138	70	20	10	0	58.71	-17.58	-26.17
139	70	30	10	0	55.31	-11.9	-26.68
140	70	40	10	0	51.86	-5.91	-27.13
141	70	55	10	0	46.54	3.76	-27.83
142	70	70	10	0	41.02	14.6	-28.41
143	70	85	10	0	36.16	24.75	-28.91
144	70	100	10	0	32.77	32.02	-29.23
145	85	0	10	0	60.26	-35.15	-31.97
146	85	10	10	0	57.25	-30	-32.14
147	85	20	10	0	54.26	-24.84	-32.36
148	85	30	10	0	51.16	-19.41	-32.61
149	85	40	10	0	47.99	-13.68	-32.86
150	85	55	10	0	43.03	-4.46	-33.34
151	85	70	10	0	37.79	5.74	-33.89
152	85	85	10	0	33.01	15.48	-34.51
153	85	100	10	0	29.64	22.32	-34.98
154	100	0	10	0	56.69	-40.21	-36.79
155	100	10	10	0	53.93	-35.23	-36.7
156	100	20	10	0	51.18	-30.22	-36.68
157	100	30	10	0	48.3	-24.96	-36.74
158	100	40	10	0	45.29	-19.33	-36.83
159	100	55	10	0	40.59	-10.47	-37.15
160	100	70	10	0	35.54	-0.73	-37.7
161	100	85	10	0	30.81	8.55	-38.41
162	100	100	10	0	27.27	15.15	-39.11
163	0	0	20	0	90.69	-1.3	16.31
164	0	10	20	0	86.05	5.27	14.48
165	0	20	20	0	81.63	11.65	12.82
166	0	30	20	0	77.09	18.38	11.24
167	0	40	20	0	72.57	25.46	9.88
168	0	55	20	0	65.7	36.73	7.95
169	0	70	20	0	59	48.8	6.65
170	0	85	20	0	52.83	60.8	5.84
171	0	100	20	0	48.46	69.67	5.5
172	10	0	20	0	86.98	-5.09	11.4
173	10	10	20	0	82.29	0.6	9.79
174	10	20	20	0	77.8	7.09	8.1
175	10	30	20	0	73.32	13.91	6.53
176	10	40	20	0	68.89	21.07	5.16
177	10	55	20	0	62.23	32.37	3.32
178	10	70	20	0	55.61	44.71	2.01
179	10	85	20	0	49.94	56.23	1.29
180	10	100	20	0	46.05	64.46	0.94
181	20	0	20	0	83.3	-8.83	6.52
182	20	10	20	0	78.56	-3.56	4.73
183	20	20	20	0	74.2	2.76	3.11
184	20	30	20	0	69.82	9.39	1.64
185	20	40	20	0	65.42	16.44	0.32
186	20	55	20	0	58.9	27.66	-1.45
187	20	70	20	0	52.42	40.14	-2.72
188	20	85	20	0	47.08	51.39	-3.41
189	20	100	20	0	43.57	59.15	-3.75
190	30	0	20	0	79.65	-12.77	1.63
191	30	10	20	0	75.07	-7.58	-0.07
192	30	20	20	0	70.81	-1.52	-1.59
193	30	30	20	0	66.59	4.95	-2.96
194	30	40	20	0	62.35	11.84	-4.2
195	30	55	20	0	56.07	22.84	-5.85
196	30	70	20	0	49.81	35.1	-7.09
197	30	85	20	0	44.65	46.22	-7.81
198	30	100	20	0	41.27	53.85	-8.16
199	40	0	20	0	76	-16.89	-3.28
200	40	10	20	0	71.74	-11.55	-4.66
201	40	20	20	0	67.61	-5.73	-6.04
202	40	30	20	0	63.56	0.58	-7.27
203	40	40	20	0	59.49	7.27	-8.43
204	40	55	20	0	53.42	18.03	-10
205	40	70	20	0	47.36	30.08	-11.23
206	40	85	20	0	42.35	40.95	-11.98
207	40	100	20	0	39.06	48.43	-12.35
208	55	0	20	0	70.49	-23.45	-10.66
209	55	10	20	0	66.71	-17.98	-11.57
210	55	20	20	0	62.93	-12.36	-12.55
211	55	30	20	0	59.14	-6.29	-13.6
212	55	40	20	0	55.33	0.14	-14.62
213	55	55	20	0	49.55	10.49	-16.06
214	55	70	20	0	43.79	22.13	-17.26
215	55	85	20	0	38.99	32.62	-18.1
216	55	100	20	0	35.8	39.86	-18.55
217	70	0	20	0	65.06	-30.54	-18.03
218	70	10	20	0	61.67	-25.17	-18.59
219	70	20	20	0	58.27	-19.73	-19.27
220	70	30	20	0	54.79	-13.91	-20.05
221	70	40	20	0	51.26	-7.77	-20.84
222	70	55	20	0	45.87	2.17	-22.04
223	70	70	20	0	40.33	13.37	-23.16
224	70	85	20	0	35.69	23.43	-24.06
225	70	100	20	0	32.59	30.39	-24.64
226	85	0	20	0	60	-37.68	-24.95
227	85	10	20	0	56.92	-32.55	-25.27
228	85	20	20	0	53.85	-27.38	-25.66
229	85	30	20	0	50.68	-21.82	-26.19
230	85	40	20	0	47.44	-15.92	-26.74
231	85	55	20	0	42.43	-6.45	-27.66
232	85	70	20	0	37.18	4.19	-28.72
233	85	85	20	0	32.59	13.95	-29.68
234	85	100	20	0	29.56	20.52	-30.35
235	100	0	20	0	56.42	-43.01	-29.92
236	100	10	20	0	53.62	-38.04	-29.98
237	100	20	20	0	50.81	-33.03	-30.13
238	100	30	20	0	47.87	-27.62	-30.44
239	100	40	20	0	44.81	-21.83	-30.81
240	100	55	20	0	40.08	-12.7	-31.54
241	100	70	20	0	35.02	-2.5	-32.54
242	100	85	20	0	30.53	6.82	-33.58
243	100	100	20	0	27.42	13.24	-34.32
244	0	0	30	0	90.07	-1.91	24.7
245	0	10	30	0	85.54	4.67	22.43
246	0	20	30	0	81.2	11.04	20.43
247	0	30	30	0	76.76	17.78	18.43
248	0	40	30	0	72.32	24.87	16.72
249	0	55	30	0	65.58	36.13	14.22
250	0	70	30	0	58.99	48.21	12.35
251	0	85	30	0	52.9	60.21	11.08
252	0	100	30	0	48.61	69.09	10.34
253	10	0	30	0	86.42	-5.91	19.63
254	10	10	30	0	81.83	-0.13	17.5
255	10	20	30	0	77.42	6.36	15.48
256	10	30	30	0	72.96	13.16	13.5
257	10	40	30	0	68.58	20.33	11.8
258	10	55	30	0	62.03	31.62	9.39
259	10	70	30	0	55.52	43.98	7.56
260	10	85	30	0	49.92	55.49	6.36
261	10	100	30	0	46.11	63.72	5.68
262	20	0	30	0	82.82	-9.84	14.62
263	20	10	30	0	78.15	-4.45	12.34
264	20	20	30	0	73.77	1.8	10.37
265	20	30	30	0	69.41	8.47	8.49
266	20	40	30	0	65.06	15.55	6.82
267	20	55	30	0	58.62	26.79	4.5
268	20	70	30	0	52.23	39.27	2.7
269	20	85	30	0	46.98	50.5	1.54
270	20	100	30	0	43.55	58.21	0.9
271	30	0	30	0	79.22	-13.99	9.59
272	30	10	30	0	74.64	-8.77	7.41
273	30	20	30	0	70.38	-2.66	5.55
274	30	30	30	0	66.16	3.88	3.79
275	30	40	30	0	61.94	10.79	2.21
276	30	55	30	0	55.62	21.82	-0.05
277	30	70	30	0	49.33	34.25	-1.86
278	30	85	30	0	44.27	45.27	-3.07
279	30	100	30	0	41.1	52.59	-3.7
280	40	0	30	0	75.62	-18.36	4.57
281	40	10	30	0	71.34	-12.94	2.73
282	40	20	30	0	67.2	-7.07	1.01
283	40	30	30	0	63.11	-0.68	-0.63
284	40	40	30	0	59.04	6.05	-2.12
285	40	55	30	0	52.94	16.86	-4.25
286	40	70	30	0	46.84	29.09	-6.04
287	40	85	30	0	41.94	39.91	-7.26
288	40	100	30	0	38.86	47.07	-7.89
289	55	0	30	0	70.17	-25.24	-3.04
290	55	10	30	0	66.33	-19.68	-4.34
291	55	20	30	0	62.52	-13.98	-5.68
292	55	30	30	0	58.67	-7.83	-7.09
293	55	40	30	0	54.84	-1.36	-8.43
294	55	55	30	0	49.05	9.11	-10.39
295	55	70	30	0	43.25	20.99	-12.12
296	55	85	30	0	38.57	31.45	-13.37
297	55	100	30	0	35.6	38.41	-14.07
298	70	0	30	0	64.77	-32.72	-10.64
299	70	10	30	0	61.32	-27.24	-11.58
300	70	20	30	0	57.88	-21.71	-12.56
301	70	30	30	0	54.32	-15.77	-13.64
302	70	40	30	0	50.76	-9.51	-14.73
303	70	55	30	0	45.34	0.6	-16.44
304	70	70	30	0	39.82	12.02	-18.05
305	70	85	30	0	35.31	22.1	-19.34
306	70	100	30	0	32.42	28.8	-20.14
307	85	0	30	0	59.71	-40.25	-17.77
308	85	10	30	0	56.59	-35	-18.44
309	85	20	30	0	53.48	-29.74	-19.14
310	85	30	30	0	50.24	-24.06	-19.92
311	85	40	30	0	46.96	-18.02	-20.76
312	85	55	30	0	41.94	-8.33	-22.17
313	85	70	30	0	36.7	2.61	-23.66
314	85	85	30	0	32.27	12.39	-24.98
315	85	100	30	0	29.42	18.84	-25.85
316	100	0	30	0	56.13	-45.86	-22.89
317	100	10	30	0	53.31	-40.78	-23.28
318	100	20	30	0	50.46	-35.67	-23.71
319	100	30	30	0	47.47	-30.14	-24.27
320	100	40	30	0	44.37	-24.17	-24.94
321	100	55	30	0	39.63	-14.77	-26.11
322	100	70	30	0	34.6	-4.29	-27.51
323	100	85	30	0	30.23	5.21	-28.86
324	100	100	30	0	27.34	11.52	-29.79
325	0	0	40	0	89.48	-2.46	33.27
326	0	10	40	0	85.03	4.18	30.65
327	0	20	40	0	80.79	10.51	28.21
328	0	30	40	0	76.43	17.24	25.86
329	0	40	40	0	72.08	24.34	23.68
330	0	55	40	0	65.45	35.55	20.61
331	0	70	40	0	58.97	47.64	18.2
332	0	85	40	0	52.96	59.63	16.39
333	0	100	40	0	48.71	68.49	15.33
334	10	0	40	0	85.89	-6.65	28.04
335	10	10	40	0	81.39	-0.71	25.43
336	10	20	40	0	77.07	5.75	23.04
337	10	30	40	0	72.68	12.52	20.71
338	10	40	40	0	68.28	19.68	18.53
339	10	55	40	0	61.83	30.94	15.6
340	10	70	40	0	55.42	43.3	13.21
341	10	85	40	0	49.9	54.79	11.5
342	10	100	40	0	46.14	62.99	10.54
343	20	0	40	0	82.36	-10.74	22.89
344	20	10	40	0	77.78	-5.17	20.16
345	20	20	40	0	73.37	0.97	17.75
346	20	30	40	0	69.04	7.67	15.52
347	20	40	40	0	64.72	14.77	13.41
348	20	55	40	0	58.34	25.98	10.55
349	20	70	40	0	52.06	38.45	8.18
350	20	85	40	0	46.89	49.65	6.55
351	20	100	40	0	43.5	57.34	5.64
352	30	0	40	0	78.82	-15.08	17.73
353	30	10	40	0	74.31	-9.66	15.12
354	30	20	40	0	69.99	-3.67	12.81
355	30	30	40	0	65.77	2.89	10.71
356	30	40	40	0	61.56	9.86	8.7
357	30	55	40	0	55.3	20.86	5.91
358	30	70	40	0	49.09	33.31	3.5
359	30	85	40	0	44.12	44.29	1.85
360	30	100	40	0	41.01	51.58	0.96
361	40	0	40	0	75.25	-19.66	12.55
362	40	10	40	0	70.96	-14.19	10.26
363	40	20	40	0	66.8	-8.25	8.16
364	40	30	40	0	62.71	-1.82	6.19
365	40	40	40	0	58.64	4.92	4.27
366	40	55	40	0	52.57	15.74	1.62
367	40	70	40	0	46.54	28.02	-0.76
368	40	85	40	0	41.68	38.84	-2.46
369	40	100	40	0	38.71	45.86	-3.37
370	55	0	40	0	69.84	-26.89	4.64
371	55	10	40	0	65.97	-21.24	2.96
372	55	20	40	0	62.13	-15.47	1.23
373	55	30	40	0	58.26	-9.25	-0.5
374	55	40	40	0	54.42	-2.82	-2.23
375	55	55	40	0	48.65	7.77	-4.66
376	55	70	40	0	42.92	19.72	-6.92
377	55	85	40	0	38.28	30.24	-8.62
378	55	100	40	0	35.44	37.07	-9.56
379	70	0	40	0	64.45	-34.75	-3.2
380	70	10	40	0	60.97	-29.15	-4.46
381	70	20	40	0	57.49	-23.53	-5.82
382	70	30	40	0	53.91	-17.5	-7.22
383	70	40	40	0	50.36	-11.19	-8.65
384	70	55	40	0	44.94	-0.97	-10.83
385	70	70	40	0	39.49	10.55	-12.95
386	70	85	40	0	35.04	20.71	-14.62
387	70	100	40	0	32.26	27.33	-15.62
388	85	0	40	0	59.39	-42.72	-10.54
389	85	10	40	0	56.23	-37.32	-11.54
390	85	20	40	0	53.1	-31.95	-12.57
391	85	30	40	0	49.85	-26.15	-13.67
392	85	40	40	0	46.55	-19.97	-14.85
393	85	55	40	0	41.54	-10.16	-16.66
394	85	70	40	0	36.36	0.95	-18.63
395	85	85	40	0	32.02	10.79	-20.3
396	85	100	40	0	29.28	17.21	-21.35
397	100	0	40	0	55.78	-48.6	-15.81
398	100	10	40	0	52.94	-43.36	-16.53
399	100	20	40	0	50.09	-38.13	-17.29
400	100	30	40	0	47.1	-32.47	-18.13
401	100	40	40	0	43.97	-26.33	-19.13
402	100	55	40	0	39.24	-16.78	-20.68
403	100	70	40	0	34.27	-6.07	-22.52
404	100	85	40	0	29.98	3.53	-24.19
405	100	100	40	0	27.17	9.84	-25.32
406	0	0	55	0	88.64	-3.13	46.96
407	0	10	55	0	84.29	3.59	43.64
408	0	20	55	0	80.16	9.96	40.71
409	0	30	55	0	75.93	16.7	37.71
410	0	40	55	0	71.7	23.7	34.93
411	0	55	55	0	65.24	34.85	30.88
412	0	70	55	0	58.88	46.85	27.47
413	0	85	55	0	52.96	58.77	24.78
414	0	100	55	0	48.76	67.54	23.1
415	10	0	55	0	85.17	-7.52	41.5
416	10	10	55	0	80.74	-1.39	38.44
417	10	20	55	0	76.53	5.04	35.49
418	10	30	55	0	72.26	11.79	32.53
419	10	40	55	0	67.98	18.86	29.75
420	10	55	55	0	61.54	30.05	25.74
421	10	70	55	0	55.25	42.36	22.35
422	10	85	55	0	49.84	53.75	19.76
423	10	100	55	0	46.12	61.89	18.19
424	20	0	55	0	81.72	-11.82	36.11
425	20	10	55	0	77.21	-5.99	32.99
426	20	20	55	0	72.84	0.06	30.03
427	20	30	55	0	68.58	6.75	27.15
428	20	40	55	0	64.33	13.79	24.43
429	20	55	55	0	57.99	24.91	20.52
430	20	70	55	0	51.82	37.35	17.15
431	20	85	55	0	46.77	48.46	14.66
432	20	100	55	0	43.44	56.12	13.18
433	30	0	55	0	78.24	-16.35	30.7
434	30	10	55	0	73.79	-10.69	27.71
435	30	20	55	0	69.48	-4.78	24.86
436	30	30	55	0	65.25	1.73	22.08
437	30	40	55	0	61.08	8.67	19.47
438	30	55	55	0	54.89	19.63	15.7
439	30	70	55	0	48.79	32.05	12.31
440	30	85	55	0	43.95	42.93	9.83
441	30	100	55	0	40.89	50.22	8.4
442	40	0	55	0	74.72	-21.15	25.23
443	40	10	55	0	70.47	-15.52	22.56
444	40	20	55	0	66.3	-9.66	19.94
445	40	30	55	0	62.19	-3.27	17.32
446	40	40	55	0	58.14	3.52	14.84
447	40	55	55	0	52.12	14.34	11.21
448	40	70	55	0	46.19	26.59	7.91
449	40	85	55	0	41.45	37.35	5.4
450	40	100	55	0	38.55	44.35	3.97
451	55	0	55	0	69.35	-28.89	16.91
452	55	10	55	0	65.46	-23.17	14.8
453	55	20	55	0	61.6	-17.34	12.6
454	55	30	55	0	57.71	-11.09	10.27
455	55	40	55	0	53.88	-4.59	8.03
456	55	55	55	0	48.14	6.05	4.67
457	55	70	55	0	42.52	18	1.53
458	55	85	55	0	37.99	28.5	-0.92
459	55	100	55	0	35.21	35.32	-2.35
460	70	0	55	0	63.93	-37.43	8.63
461	70	10	55	0	60.43	-31.7	6.93
462	70	20	55	0	56.94	-25.98	5.14
463	70	30	55	0	53.37	-19.85	3.21
464	70	40	55	0	49.79	-13.41	1.24
465	70	55	55	0	44.44	-3.15	-1.74
466	70	70	55	0	39.07	8.43	-4.68
467	70	85	55	0	34.71	18.62	-7.05
468	70	100	55	0	31.99	25.21	-8.46
469	85	0	55	0	58.75	-46.11	0.79
470	85	10	55	0	55.61	-40.55	-0.6
471	85	20	55	0	52.5	-35.02	-2.03
472	85	30	55	0	49.29	-29.07	-3.61
473	85	40	55	0	46.02	-22.75	-5.25
474	85	55	55	0	41.06	-12.77	-7.8
475	85	70	55	0	35.93	-1.54	-10.53
476	85	85	55	0	31.65	8.32	-12.84
477	85	100	55	0	28.95	14.7	-14.26
478	100	0	55	0	55.06	-52.58	-4.83
479	100	10	55	0	52.21	-47.05	-5.95
480	100	20	55	0	49.41	-41.6	-7.08
481	100	30	55	0	46.49	-35.74	-8.38
482	100	40	55	0	43.45	-29.53	-9.75
483	100	55	55	0	38.79	-19.75	-12
484	100	70	55	0	33.83	-8.8	-14.55
485	100	85	55	0	29.58	0.82	-16.79
486	100	100	55	0	26.8	7.08	-18.26
487	0	0	70	0	87.9	-3.62	61.44
488	0	10	70	0	83.64	3.12	57.51
489	0	20	70	0	79.62	9.52	53.87
490	0	30	70	0	75.48	16.27	50.23
491	0	40	70	0	71.33	23.27	46.77
492	0	55	70	0	64.99	34.37	41.67
493	0	70	70	0	58.71	46.23	37.18
494	0	85	70	0	52.83	57.97	33.48
495	0	100	70	0	48.66	66.61	31
496	10	0	70	0	84.51	-8.03	55.7
497	10	10	70	0	80.16	-1.82	52.78
498	10	20	70	0	76.05	4.57	49.13
499	10	30	70	0	71.87	11.27	45.52
500	10	40	70	0	67.69	18.29	42.01
501	10	55	70	0	61.37	29.39	36.91
502	10	70	70	0	55.06	41.61	32.32
503	10	85	70	0	49.7	52.87	28.71
504	10	100	70	0	46.04	60.88	26.34
505	20	0	70	0	81.15	-12.32	50
506	20	10	70	0	76.72	-6.44	47.05
507	20	20	70	0	72.42	-0.44	43.83
508	20	30	70	0	68.23	6.18	40.29
509	20	40	70	0	64.07	13.14	36.82
510	20	55	70	0	57.82	24.17	31.8
511	20	70	70	0	51.62	36.5	27.17
512	20	85	70	0	46.64	47.49	23.66
513	20	100	70	0	43.38	55.06	21.43
514	30	0	70	0	77.74	-16.96	44.29
515	30	10	70	0	73.35	-11.25	41.46
516	30	20	70	0	69.09	-5.41	38.36
517	30	30	70	0	64.85	0.98	35.09
518	30	40	70	0	60.74	7.85	31.7
519	30	55	70	0	54.62	18.75	26.82
520	30	70	70	0	48.59	31.07	22.24
521	30	85	70	0	43.83	41.88	18.8
522	30	100	70	0	40.84	49.09	16.66
523	40	0	70	0	74.25	-21.96	38.51
524	40	10	70	0	70.03	-16.3	35.98
525	40	20	70	0	65.91	-10.52	33.11
526	40	30	70	0	61.79	-4.21	30.02
527	40	40	70	0	57.78	2.53	26.81
528	40	55	70	0	51.83	13.27	22.11
529	40	70	70	0	45.98	25.45	17.65
530	40	85	70	0	41.32	36.14	14.26
531	40	100	70	0	38.48	43.07	12.19
532	55	0	70	0	68.85	-30.14	29.69
533	55	10	70	0	64.98	-24.43	27.68
534	55	20	70	0	61.17	-18.66	25.25
535	55	30	70	0	57.3	-12.42	22.52
536	55	40	70	0	53.51	-5.8	19.57
537	55	55	70	0	47.85	4.67	15.2
538	55	70	70	0	42.29	16.56	10.95
539	55	85	70	0	37.82	27.03	7.66
540	55	100	70	0	35.08	33.75	5.61
541	70	0	70	0	63.3	-39.43	20.82
542	70	10	70	0	59.85	-33.7	19.29
543	70	20	70	0	56.42	-27.92	17.3
544	70	30	70	0	52.91	-21.75	14.96
545	70	40	70	0	49.4	-15.23	12.36
546	70	55	70	0	44.13	-4.95	8.43
547	70	70	70	0	38.79	6.63	4.45
548	70	85	70	0	34.43	16.77	1.29
549	70	100	70	0	31.72	23.31	-0.68
550	85	0	70	0	57.94	-49.07	12.41
551	85	10	70	0	54.89	-43.43	11.1
552	85	20	70	0	51.88	-37.72	9.47
553	85	30	70	0	48.77	-31.63	7.58
554	85	40	70	0	45.59	-25.18	5.43
555	85	55	70	0	40.74	-15.04	2.01
556	85	70	70	0	35.58	-3.84	-1.64
557	85	85	70	0	31.25	5.91	-4.65
558	85	100	70	0	28.5	12.2	-6.59
559	100	0	70	0	54.06	-56.36	6.36
560	100	10	70	0	51.35	-50.63	5.27
561	100	20	70	0	48.69	-44.93	3.95
562	100	30	70	0	45.9	-38.85	2.39
563	100	40	70	0	42.99	-32.46	0.57
564	100	55	70	0	38.43	-22.45	-2.47
565	100	70	70	0	33.44	-11.5	-5.86
566	100	85	70	0	29.07	-2.02	-8.76
567	100	100	70	0	26.21	4.06	-10.71
568	0	0	85	0	87.27	-3.88	76.07
569	0	10	85	0	83.11	2.86	71.38
570	0	20	85	0	79.16	9.28	67.08
571	0	30	85	0	75.09	16.04	62.79
572	0	40	85	0	71	23.02	58.62
573	0	55	85	0	64.72	34.05	52.52
574	0	70	85	0	58.47	45.76	46.91
575	0	85	85	0	52.61	57.25	42.18
576	0	100	85	0	48.39	65.7	38.86
577	10	0	85	0	83.98	-8.17	69.96
578	10	10	85	0	79.73	-1.9	66.18
579	10	20	85	0	75.7	4.46	61.91
580	10	30	85	0	71.58	11.11	57.63
581	10	40	85	0	67.46	18.03	53.43
582	10	55	85	0	61.22	29.03	47.32
583	10	70	85	0	54.98	41.02	41.69
584	10	85	85	0	49.55	52.21	37.1
585	10	100	85	0	45.89	60.09	34.05
586	20	0	85	0	80.69	-12.36	63.95
587	20	10	85	0	76.37	-6.46	60.18
588	20	20	85	0	72.16	-0.51	56.33
589	20	30	85	0	68.03	6.04	52.11
590	20	40	85	0	63.92	12.86	47.96
591	20	55	85	0	57.76	23.76	41.93
592	20	70	85	0	51.64	35.89	36.3
593	20	85	85	0	46.56	46.87	31.82
594	20	100	85	0	43.32	54.35	29.01
595	30	0	85	0	77.33	-17	57.91
596	30	10	85	0	73.04	-11.29	54.28
597	30	20	85	0	68.87	-5.51	50.55
598	30	30	85	0	64.66	0.76	46.62
599	30	40	85	0	60.61	7.5	42.58
600	30	55	85	0	54.57	18.27	36.68
601	30	70	85	0	48.6	30.43	31.13
602	30	85	85	0	43.79	41.25	26.75
603	30	100	85	0	40.83	48.38	24.08
604	40	0	85	0	73.83	-22.18	51.79
605	40	10	85	0	69.71	-16.48	48.44
606	40	20	85	0	65.68	-10.77	44.95
607	40	30	85	0	61.61	-4.56	41.24
608	40	40	85	0	57.61	2.07	37.45
609	40	55	85	0	51.73	12.69	31.77
610	40	70	85	0	45.93	24.77	26.31
611	40	85	85	0	41.3	35.4	22.07
612	40	100	85	0	38.47	42.29	19.47
613	55	0	85	0	68.38	-30.8	42.38
614	55	10	85	0	64.6	-25.04	39.56
615	55	20	85	0	60.88	-19.27	36.51
616	55	30	85	0	57.1	-13.09	33.22
617	55	40	85	0	53.34	-6.54	29.79
618	55	55	85	0	47.77	3.89	24.48
619	55	70	85	0	42.23	15.7	19.29
620	55	85	85	0	37.77	26.05	15.22
621	55	100	85	0	35.02	32.73	12.73
622	70	0	85	0	62.65	-40.86	32.88
623	70	10	85	0	59.33	-35	30.6
624	70	20	85	0	56.03	-29.15	28.06
625	70	30	85	0	52.63	-22.91	25.21
626	70	40	85	0	49.2	-16.36	22.13
627	70	55	85	0	44.01	-6.05	17.36
628	70	70	85	0	38.68	5.42	12.51
629	70	85	85	0	34.26	15.43	8.64
630	70	100	85	0	31.49	21.86	6.23
631	85	0	85	0	57.01	-51.5	23.83
632	85	10	85	0	54.18	-45.57	21.97
633	85	20	85	0	51.34	-39.68	19.86
634	85	30	85	0	48.38	-33.38	17.45
635	85	40	85	0	45.32	-26.82	14.79
636	85	55	85	0	40.56	-16.57	10.57
637	85	70	85	0	35.37	-5.45	6.14
638	85	85	85	0	30.9	4.08	2.47
639	85	100	85	0	28.01	10.19	0.14
640	100	0	85	0	52.74	-59.61	17.29
641	100	10	85	0	50.43	-53.52	15.7
642	100	20	85	0	48.02	-47.48	13.93
643	100	30	85	0	45.42	-41.11	11.9
644	100	40	85	0	42.65	-34.52	9.62
645	100	55	85	0	38.2	-24.3	5.86
646	100	70	85	0	33.12	-13.47	1.75
647	100	85	85	0	28.54	-4.32	-1.77
648	100	100	85	0	25.5	1.58	-4.09
649	0	0	100	0	87	-4	88
650	0	10	100	0	82.77	2.67	82.52
651	0	20	100	0	78.84	9.12	77.67
652	0	30	100	0	74.81	15.88	72.82
653	0	40	100	0	70.72	22.92	68.18
654	0	55	100	0	64.5	33.86	61.3
655	0	70	100	0	58.26	45.41	54.74
656	0	85	100	0	52.35	56.7	49.06
657	0	100	100	0	48	65	45
658	10	0	100	0	83.64	-8.09	81.37
659	10	10	100	0	79.48	-1.89	76.25
660	10	20	100	0	75.48	4.41	71.48
661	10	30	100	0	71.41	11.04	66.69
662	10	40	100	0	67.31	17.96	62.08
663	10	55	100	0	61.11	28.81	55.23
664	10	70	100	0	54.92	40.6	48.76
665	10	85	100	0	49.48	51.68	43.38
666	10	100	100	0	45.68	59.47	39.79
667	20	0	100	0	80.38	-12.2	75.08
668	20	10	100	0	76.16	-6.34	70.02
669	20	20	100	0	72.02	-0.46	65.11
670	20	30	100	0	67.94	6.01	60.45
671	20	40	100	0	63.86	12.83	55.9
672	20	55	100	0	57.75	23.56	49.19
673	20	70	100	0	51.69	35.49	42.79
674	20	85	100	0	46.6	46.43	37.62
675	20	100	100	0	43.24	53.79	34.38
676	30	0	100	0	77.03	-16.83	68.78
677	30	10	100	0	72.86	-11.16	63.88
678	30	20	100	0	68.76	-5.46	59.11
679	30	30	100	0	64.6	0.73	54.39
680	30	40	100	0	60.58	7.46	49.95
681	30	55	100	0	54.61	18.05	43.44
682	30	70	100	0	48.69	30.04	37.16
683	30	85	100	0	43.88	40.83	32.17
684	30	100	100	0	40.81	47.88	29.13
685	40	0	100	0	73.51	-22.14	62.37
686	40	10	100	0	69.5	-16.41	57.79
687	40	20	100	0	65.55	-10.76	53.3
688	40	30	100	0	61.55	-4.64	48.82
689	40	40	100	0	57.58	1.93	44.44
690	40	55	100	0	51.76	12.39	38.15
691	40	70	100	0	45.99	24.36	32.01
692	40	85	100	0	41.36	34.96	27.2
693	40	100	100	0	38.46	41.78	24.29
694	55	0	100	0	67.98	-31.06	52.45
695	55	10	100	0	64.32	-25.21	48.47
696	55	20	100	0	60.7	-19.48	44.51
697	55	30	100	0	57.01	-13.33	40.46
698	55	40	100	0	53.31	-6.8	36.46
699	55	55	100	0	47.78	3.47	30.61
700	55	70	100	0	42.26	15.21	24.71
701	55	85	100	0	37.79	25.51	20.16
702	55	100	100	0	34.95	32.18	17.4
703	70	0	100	0	62.08	-41.78	42.43
704	70	10	100	0	58.91	-35.7	39.02
705	70	20	100	0	55.76	-29.77	35.59
706	70	30	100	0	52.48	-23.49	32.05
707	70	40	100	0	49.12	-16.91	28.5
708	70	55	100	0	44	-6.65	23.21
709	70	70	100	0	38.68	4.7	17.73
710	70	85	100	0	34.19	14.61	13.41
711	70	100	100	0	31.33	20.95	10.8
712	85	0	100	0	56.02	-53.27	32.88
713	85	10	100	0	53.53	-47	29.93
714	85	20	100	0	50.94	-40.84	26.98
715	85	30	100	0	48.13	-34.38	23.93
716	85	40	100	0	45.16	-27.71	20.84
717	85	55	100	0	40.49	-17.45	16.17
718	85	70	100	0	35.28	-6.43	11.17
719	85	85	100	0	30.68	2.95	7.07
720	85	100	100	0	27.66	8.93	4.56
721	100	0	100	0	51	-62	26
722	100	10	100	0	49.4	-55.48	23.43
723	100	20	100	0	47.48	-49.08	20.89
724	100	30	100	0	45.07	-42.46	18.23
725	100	40	100	0	42.41	-35.64	15.48
726	100	55	100	0	38.05	-25.27	11.26
727	100	70	100	0	32.91	-14.57	6.62
728	100	85	100	0	28.17	-5.67	2.68
729	100	100	100	0	25	0	0
730	0	0	0	20	78.68	-0.04	-0.48
731	0	10	0	20	74.56	5.66	-1.46
732	0	20	0	20	70.68	11.07	-2.21
733	0	40	0	20	62.68	22.81	-3.63
734	0	70	0	20	50.59	43.09	-4.56
735	0	100	0	20	41.29	61.02	-4.19
736	10	0	0	20	75.47	-2.89	-4.63
737	10	10	0	20	71.57	2.62	-5.47
738	10	20	0	20	67.86	8.01	-6.14
739	10	40	0	20	60.08	19.27	-7.58
740	10	70	0	20	48.51	39.29	-8.27
741	10	100	0	20	39.53	57.07	-7.81
742	20	0	0	20	72.28	-5.68	-8.55
743	20	10	0	20	68.59	-0.4	-9.36
744	20	20	0	20	65	4.85	-10.04
745	20	40	0	20	57.54	15.82	-11.39
746	20	70	0	20	46.4	35.38	-12.03
747	20	100	0	20	37.69	52.95	-11.55
748	40	0	0	20	65.93	-11.69	-16.59
749	40	10	0	20	62.5	-6.53	-17.19
750	40	20	0	20	59.21	-1.55	-17.8
751	40	40	0	20	52.56	8.83	-18.67
752	40	70	0	20	42.26	27.35	-19.19
753	40	100	0	20	33.98	44.23	-18.83
754	70	0	0	20	56.63	-22.14	-28.48
755	70	10	0	20	53.77	-17.46	-28.72
756	70	20	0	20	50.94	-12.76	-28.98
757	70	40	0	20	45.24	-3.13	-29.26
758	70	70	0	20	36.17	13.81	-29.44
759	70	100	0	20	28.63	29.33	-29.26
760	100	0	0	20	49.42	-31.64	-37.79
761	100	10	0	20	47.02	-27.41	-37.68
762	100	20	0	20	44.6	-23.02	-37.54
763	100	40	0	20	39.51	-13.92	-37.32
764	100	70	0	20	31.35	1.48	-37.22
765	100	100	0	20	24.42	15.51	-37.36
766	0	0	10	20	78.18	-0.75	6.48
767	0	10	10	20	74.15	5.02	5.12
768	0	20	10	20	70.32	10.54	3.95
769	0	40	10	20	62.49	22.15	2.21
770	0	70	10	20	50.58	42.48	0.23
771	0	100	10	20	41.42	60.4	-0.13
772	10	0	10	20	75.04	-3.89	2.34
773	10	10	10	20	70.7	1.18	1
774	10	20	10	20	66.83	6.86	-0.1
775	10	40	10	20	59.2	18.5	-1.92
776	10	70	10	20	47.74	39.03	-3.59
777	10	100	10	20	39.43	55.94	-3.84
778	20	0	10	20	71.92	-6.9	-1.77
779	20	10	10	20	67.57	-2.18	-3.25
780	20	20	10	20	63.82	3.32	-4.27
781	20	40	10	20	56.5	14.78	-5.95
782	20	70	10	20	45.49	34.91	-7.42
783	20	100	10	20	37.49	51.62	-7.63
784	40	0	10	20	65.66	-13.29	-9.77
785	40	10	10	20	61.81	-8.47	-10.88
786	40	20	10	20	58.38	-3.28	-11.74
787	40	40	10	20	51.5	7.51	-13.19
788	40	70	10	20	41.26	26.66	-14.57
789	40	100	10	20	33.74	42.72	-14.85
790	70	0	10	20	56.44	-24.34	-22.05
791	70	10	10	20	53.43	-19.58	-22.33
792	70	20	10	20	50.49	-14.76	-22.81
793	70	40	10	20	44.6	-4.83	-23.66
794	70	70	10	20	35.31	12.86	-24.67
795	70	100	10	20	28.42	27.66	-25.16
796	100	0	10	20	49.2	-34.37	-31.79
797	100	10	10	20	46.72	-29.96	-31.73
798	100	20	10	20	44.23	-25.45	-31.82
799	100	40	10	20	39.09	-16.15	-31.9
800	100	70	10	20	30.81	0.01	-32.52
801	100	100	10	20	24.26	13.73	-33.31
802	0	0	20	20	77.59	-1.33	13.34
803	0	10	20	20	73.74	4.3	11.86
804	0	20	20	20	69.96	9.78	10.41
805	0	40	20	20	62.25	21.59	8.03
806	0	70	20	20	50.61	41.78	5.32
807	0	100	20	20	41.55	59.64	4.18
808	10	0	20	20	74.6	-4.59	9.21
809	10	10	20	20	70.31	0.34	7.84
810	10	20	20	20	66.5	5.93	6.36
811	10	40	20	20	58.92	17.74	3.94
812	10	70	20	20	47.61	38.15	1.31
813	10	100	20	20	39.47	55.03	0.38
814	20	0	20	20	71.5	-7.77	5
815	20	10	20	20	67.17	-3.19	3.47
816	20	20	20	20	63.46	2.27	2.09
817	20	40	20	20	55.9	13.8	-0.24
818	20	70	20	20	44.85	34.16	-2.75
819	20	100	20	20	37.34	50.31	-3.6
820	40	0	20	20	65.35	-14.61	-3.22
821	40	10	20	20	61.47	-9.85	-4.39
822	40	20	20	20	57.86	-4.8	-5.59
823	40	40	20	20	50.81	6.27	-7.7
824	40	70	20	20	40.53	25.66	-9.97
825	40	100	20	20	33.51	41.2	-10.89
826	70	0	20	20	56.2	-26.28	-15.69
827	70	10	20	20	53.12	-21.48	-16.14
828	70	20	20	20	50.06	-16.65	-16.71
829	70	40	20	20	44.01	-6.49	-18.16
830	70	70	20	20	34.67	11.63	-20.01
831	70	100	20	20	28.23	26	-21.09
832	100	0	20	20	48.95	-36.84	-25.66
833	100	10	20	20	46.43	-32.38	-25.77
834	100	20	20	20	43.91	-27.88	-26
835	100	40	20	20	38.69	-18.28	-26.59
836	100	70	20	20	30.37	-1.58	-27.91
837	100	100	20	20	24.19	11.9	-29.08
838	0	0	40	20	76.6	-2.48	27.75
839	0	10	40	20	72.77	3.29	25.46
840	0	20	40	20	69.21	8.7	23.52
841	0	40	40	20	61.79	20.56	19.77
842	0	70	40	20	50.54	40.57	15.11
843	0	100	40	20	41.74	58.19	12.62
844	10	0	40	20	73.73	-6	23.42
845	10	10	40	20	69.54	-0.93	20.97
846	10	20	40	20	65.91	4.66	19.09
847	10	40	40	20	58.34	16.42	15.25
848	10	70	40	20	47.39	36.72	10.84
849	10	100	40	20	39.57	53.47	8.68
850	20	0	40	20	70.73	-9.55	18.96
851	20	10	40	20	66.57	-4.77	16.57
852	20	20	40	20	62.73	0.55	14.55
853	20	40	40	20	55.23	12.14	10.85
854	20	70	40	20	44.46	32.43	6.54
855	20	100	40	20	37.3	48.44	4.48
856	40	0	40	20	64.71	-17.14	10.17
857	40	10	40	20	60.78	-12.3	8.23
858	40	20	40	20	57.12	-7.21	6.52
859	40	40	40	20	50.17	3.86	3.19
860	40	70	40	20	39.73	23.54	-1.04
861	40	100	40	20	33.16	38.51	-3.16
862	70	0	40	20	55.67	-29.98	-3.02
863	70	10	40	20	52.51	-25	-4.12
864	70	20	40	20	49.37	-20.02	-5.3
865	70	40	40	20	43.14	-9.74	-7.84
866	70	70	40	20	33.88	8.96	-11.23
867	70	100	40	20	27.89	23.02	-13.32
868	100	0	40	20	48.4	-41.56	-13.55
869	100	10	40	20	45.86	-37.03	-14.2
870	100	20	40	20	43.3	-32.22	-14.89
871	100	40	40	20	37.92	-22.01	-16.43
872	100	70	40	20	29.7	-4.74	-19.16
873	100	100	40	20	23.86	8.47	-21.2
874	0	0	70	20	75.3	-3.59	52.01
875	0	10	70	20	71.72	2.13	48.8
876	0	20	70	20	68.17	7.88	45.66
877	0	40	70	20	61.1	19.56	39.64
878	0	70	70	20	50.32	39.26	31.57
879	0	100	70	20	41.78	56.57	26.19
880	10	0	70	20	72.52	-7.4	47.26
881	10	10	70	20	68.62	-2.09	44.63
882	10	20	70	20	64.98	3.55	41.45
883	10	40	70	20	57.85	15.13	35.45
884	10	70	70	20	47.09	35.1	27.3
885	10	100	70	20	39.5	51.45	22.22
886	20	0	70	20	69.63	-11.27	42.3
887	20	10	70	20	65.63	-6.13	39.64
888	20	20	70	20	61.82	-0.86	36.8
889	20	40	70	20	54.68	10.59	30.89
890	20	70	70	20	44.1	30.52	22.82
891	20	100	70	20	37.19	46.25	18.05
892	40	0	70	20	63.79	-19.41	32.5
893	40	10	70	20	59.98	-14.39	30.26
894	40	20	70	20	56.31	-9.3	27.72
895	40	40	70	20	49.26	1.7	22.31
896	40	70	70	20	39.23	21.1	14.68
897	40	100	70	20	32.96	35.82	10.19
898	70	0	70	20	54.73	-34.07	17.72
899	70	10	70	20	51.56	-29.01	16.32
900	70	20	70	20	48.45	-23.92	14.5
901	70	40	70	20	42.29	-13.12	10.24
902	70	70	70	20	33.28	5.62	3.83
903	70	100	70	20	27.43	19.25	-0.38
904	100	0	70	20	47.09	-48.03	5.66
905	100	10	70	20	44.63	-43.01	4.7
906	100	20	70	20	42.18	-38	3.5
907	100	40	70	20	37.07	-27.25	0.54
908	100	70	70	20	28.96	-9.52	-4.73
909	100	100	70	20	23.16	3.42	-8.46
910	0	0	100	20	74.35	-3.82	74.34
911	0	10	100	20	70.92	1.81	70.18
912	0	20	100	20	67.45	7.5	66.01
913	0	40	100	20	60.48	19.31	57.93
914	0	70	100	20	49.97	38.55	46.45
915	0	100	100	20	41.67	55.34	38.06
916	10	0	100	20	71.65	-7.52	69.12
917	10	10	100	20	68.02	-2.23	64.75
918	10	20	100	20	64.53	3.34	60.65
919	10	40	100	20	57.52	14.88	52.56
920	10	70	100	20	47.06	34.31	41.2
921	10	100	100	20	39.49	50.4	33.63
922	20	0	100	20	68.79	-11.35	63.64
923	20	10	100	20	65.13	-6.23	59.32
924	20	20	100	20	61.51	-1.03	55.07
925	20	40	100	20	54.53	10.34	47.13
926	20	70	100	20	44.23	29.77	36
927	20	100	100	20	37.2	45.14	28.82
928	40	0	100	20	62.93	-19.9	52.75
929	40	10	100	20	59.43	-14.79	48.75
930	40	20	100	20	55.98	-9.78	44.85
931	40	40	100	20	49.08	1.13	37.17
932	40	70	100	20	39.28	20.11	26.69
933	40	100	100	20	32.94	34.6	20.26
934	70	0	100	20	53.73	-35.98	36.16
935	70	10	100	20	50.82	-30.74	33.08
936	70	20	100	20	47.94	-25.54	30
937	70	40	100	20	42.03	-14.51	23.81
938	70	70	100	20	33.16	3.77	14.84
939	70	100	100	20	27.21	17.31	9.14
940	100	0	100	20	45.85	-52.06	22.48
941	100	10	100	20	43.62	-46.79	20.24
942	100	20	100	20	41.39	-41.16	17.89
943	100	40	100	20	36.51	-29.86	13.1
944	100	70	100	20	28.5	-12.13	5.77
945	100	100	100	20	22.53	0.32	0.67
946	0	0	0	40	65.51	-0.04	-0.7
947	0	20	0	40	58.86	9.49	-2.13
948	0	40	0	40	52.42	19.11	-3.19
949	0	70	0	40	42.46	35.73	-4.01
950	0	100	0	40	34.73	51.03	-3.94
951	20	0	0	40	60.33	-4.8	-7.55
952	20	20	0	40	54.37	4.05	-8.64
953	20	40	0	40	48.22	13.32	-9.61
954	20	70	0	40	39.1	29.63	-10.05
955	20	100	0	40	31.71	44.39	-9.98
956	40	0	0	40	55.28	-9.77	-14.02
957	40	20	0	40	49.68	-1.11	-14.9
958	40	40	0	40	44.2	7.52	-15.57
959	40	70	0	40	35.7	23	-16.03
960	40	100	0	40	28.69	37.24	-15.74
961	70	0	0	40	47.71	-18.41	-23.73
962	70	20	0	40	42.87	-10.38	-24.17
963	70	40	0	40	38.17	-2.16	-24.51
964	70	70	0	40	30.66	11.91	-24.63
965	70	100	0	40	24.38	25.1	-24.34
966	100	0	0	40	42.01	-26.41	-31.47
967	100	20	0	40	37.86	-19.23	-31.41
968	100	40	0	40	33.44	-11.29	-31.36
969	100	70	0	40	26.74	1.7	-31.11
970	100	100	0	40	21.13	13.81	-30.91
971	0	0	20	40	64.71	-1.32	10.97
972	0	20	20	40	58.38	7.9	8.21
973	0	40	20	40	52.04	17.77	6.49
974	0	70	20	40	42.44	34.5	4
975	0	100	20	40	34.86	49.61	3.11
976	20	0	20	40	59.74	-6.66	3.77
977	20	20	20	40	52.77	1.79	1.42
978	20	40	20	40	46.6	11.31	-0.36
979	20	70	20	40	37.59	28.22	-2.43
980	20	100	20	40	31.31	41.63	-3.18
981	40	0	20	40	54.82	-12.18	-2.96
982	40	20	20	40	48.26	-3.91	-4.82
983	40	40	20	40	42.53	5.14	-6.36
984	40	70	20	40	34.08	21.23	-8.37
985	40	100	20	40	28.23	34.25	-9.04
986	70	0	20	40	47.29	-21.89	-13
987	70	20	20	40	41.98	-13.68	-13.93
988	70	40	20	40	36.95	-5.23	-15
989	70	70	20	40	29.26	9.77	-16.46
990	70	100	20	40	23.96	21.84	-17.18
991	100	0	20	40	41.52	-30.89	-21.36
992	100	20	20	40	37.13	-23.18	-21.57
993	100	40	20	40	32.69	-14.91	-22.04
994	100	70	20	40	25.89	-0.9	-23.17
995	100	100	20	40	20.77	10.3	-23.77
996	0	0	40	40	63.86	-2.44	22.43
997	0	20	40	40	57.74	7.07	19.04
998	0	40	40	40	51.61	16.68	16.1
999	0	70	40	40	42.34	33.24	12.37
1000	0	100	40	40	34.98	48.14	10.31
1001	20	0	40	40	59.13	-8.32	15.23
1002	20	20	40	40	52.18	0.18	11.63
1003	20	40	40	40	46.03	9.77	8.77
1004	20	70	40	40	37.24	26.52	5.43
1005	20	100	40	40	31.28	39.78	3.7
1006	40	0	40	40	54.28	-14.45	8.24
1007	40	20	40	40	47.61	-6.01	5.09
1008	40	40	40	40	41.84	2.96	2.45
1009	40	70	40	40	33.37	19.16	-0.77
1010	40	100	40	40	27.94	31.63	-2.37
1011	70	0	40	40	46.86	-25.03	-2.55
1012	70	20	40	40	41.31	-16.39	-4.51
1013	70	40	40	40	36.19	-7.82	-6.37
1014	70	70	40	40	28.58	7.31	-9.07
1015	70	100	40	40	23.66	19	-10.65
1016	100	0	40	40	41.03	-34.82	-11.18
1017	100	20	40	40	36.67	-26.74	-12.24
1018	100	40	40	40	32.09	-18.06	-13.48
1019	100	70	40	40	25.29	-3.75	-15.54
1020	100	100	40	40	20.46	7.21	-17.06
1021	0	0	70	40	62.74	-3.37	42.43
1022	0	20	70	40	56.98	5.9	37.44
1023	0	40	70	40	51.09	15.8	32.63
1024	0	70	70	40	42.18	32	25.86
1025	0	100	70	40	35.04	46.66	21.32
1026	20	0	70	40	58.2	-9.67	34.64
1027	20	20	70	40	51.6	-1.2	30.19
1028	20	40	70	40	45.61	8.27	25.26
1029	20	70	70	40	36.96	24.75	18.79
1030	20	100	70	40	31.26	37.85	14.87
1031	40	0	70	40	53.48	-16.57	26.66
1032	40	20	70	40	47	-8.04	22.64
1033	40	40	70	40	41.24	0.92	18.29
1034	40	70	70	40	32.97	16.86	12.13
1035	40	100	70	40	27.82	29.02	8.56
1036	70	0	70	40	46.18	-28.5	14.59
1037	70	20	70	40	40.59	-19.77	11.82
1038	70	40	70	40	35.47	-10.97	8.38
1039	70	70	70	40	28.06	4.19	3.16
1040	70	100	70	40	23.37	15.55	-0.06
1041	100	0	70	40	40.08	-39.74	4.77
1042	100	20	70	40	35.79	-31.37	3
1043	100	40	70	40	31.39	-22.36	0.58
1044	100	70	70	40	24.79	-7.89	-3.65
1045	100	100	70	40	20.11	2.9	-6.51
1046	0	0	100	40	61.97	-3.55	60.92
1047	0	20	100	40	56.31	5.67	54.34
1048	0	40	100	40	50.59	15.52	47.97
1049	0	70	100	40	41.96	31.42	38.3
1050	0	100	100	40	35.16	45.74	31.14
1051	20	0	100	40	57.38	-10.05	52.21
1052	20	20	100	40	51.2	-1.45	45.02
1053	20	40	100	40	45.51	7.93	38.75
1054	20	70	100	40	37.17	24.05	29.7
1055	20	100	100	40	31.24	36.8	23.53
1056	40	0	100	40	52.7	-17.22	43.58
1057	40	20	100	40	46.7	-8.51	36.8
1058	40	40	100	40	41.12	0.32	30.61
1059	40	70	100	40	33.07	16	22.07
1060	40	100	100	40	27.82	27.85	16.81
1061	70	0	100	40	45.44	-30.1	30.07
1062	70	20	100	40	40.24	-21.1	24.68
1063	70	40	100	40	35.37	-12.17	19.71
1064	70	70	100	40	28.04	2.77	12.31
1065	70	100	100	40	23.28	13.86	7.82
1066	100	0	100	40	39.4	-42.7	18.95
1067	100	20	100	40	35.18	-33.79	14.98
1068	100	40	100	40	30.9	-24.57	11.05
1069	100	70	100	40	24.41	-10	5.14
1070	100	100	100	40	19.85	0.51	1.18
1071	0	0	0	60	51.69	-0.05	-0.54
1072	0	20	0	60	46.52	7.63	-1.63
1073	0	40	0	60	41.66	15.04	-2.3
1074	0	70	0	60	33.83	28.05	-2.93
1075	0	100	0	60	27.78	40.56	-2.87
1076	20	0	0	60	47.73	-3.88	-6.09
1077	20	20	0	60	43.21	3.37	-6.79
1078	20	40	0	60	38.49	10.66	-7.38
1079	20	70	0	60	31.34	23.6	-7.74
1080	20	100	0	60	25.3	35.2	-7.85
1081	40	0	0	60	43.86	-7.67	-10.96
1082	40	20	0	60	39.9	-1.11	-11.59
1083	40	40	0	60	35.47	6.14	-12.18
1084	40	70	0	60	28.69	18.46	-12.48
1085	40	100	0	60	23.06	29.77	-12.21
1086	70	0	0	60	38.11	-14.43	-18.48
1087	70	20	0	60	34.27	-7.82	-18.92
1088	70	40	0	60	30.8	-1.5	-19.24
1089	70	70	0	60	24.79	9.9	-19.21
1090	70	100	0	60	19.83	20.45	-18.84
1091	100	0	0	60	33.94	-20.91	-24.73
1092	100	20	0	60	30.34	-14.77	-24.85
1093	100	40	0	60	27.07	-8.73	-24.71
1094	100	70	0	60	21.77	1.86	-24.32
1095	100	100	0	60	17.67	11.95	-24.1
1096	0	0	20	60	51.15	-1.23	8.79
1097	0	20	20	60	46.33	6.34	6.4
1098	0	40	20	60	41.39	13.86	5.14
1099	0	70	20	60	33.9	27.04	3.14
1100	0	100	20	60	27.8	39.23	2.85
1101	20	0	20	60	47.44	-5.56	3
1102	20	20	20	60	41.71	1.33	1.2
1103	20	40	20	60	37.09	8.97	-0.05
1104	20	70	20	60	30.09	22.09	-1.77
1105	20	100	20	60	24.95	32.64	-2.22
1106	40	0	20	60	43.67	-9.68	-2.7
1107	40	20	20	60	38.39	-3.19	-3.67
1108	40	40	20	60	33.86	4.07	-4.8
1109	40	70	20	60	27.32	16.75	-6.43
1110	40	100	20	60	22.71	27.05	-6.9
1111	70	0	20	60	37.86	-17.39	-9.86
1112	70	20	20	60	33.71	-10.75	-10.95
1113	70	40	20	60	29.59	-4.01	-11.49
1114	70	70	20	60	23.56	7.94	-12.52
1115	70	100	20	60	19.47	17.46	-12.94
1116	100	0	20	60	33.46	-24.68	-16.42
1117	100	20	20	60	29.73	-18	-16.65
1118	100	40	20	60	26.37	-11.57	-17.05
1119	100	70	20	60	21.1	-0.33	-18.02
1120	100	100	20	60	17.16	8.74	-18.05
1121	0	0	40	60	50.54	-2.27	17.44
1122	0	20	40	60	45.93	5.19	14.9
1123	0	40	40	60	41.15	12.78	12.66
1124	0	70	40	60	33.79	25.8	9.77
1125	0	100	40	60	27.97	37.72	8.29
1126	20	0	40	60	47.08	-6.7	11.91
1127	20	20	40	60	41.24	0.21	9.16
1128	20	40	40	60	36.53	7.34	6.91
1129	20	70	40	60	29.77	20.61	4.43
1130	20	100	40	60	25.08	31.23	3.24
1131	40	0	40	60	43.27	-11.52	6.34
1132	40	20	40	60	37.86	-4.94	4.13
1133	40	40	40	60	33.27	2.17	2.03
1134	40	70	40	60	26.72	14.83	-0.38
1135	40	100	40	60	22.48	24.68	-1.55
1136	70	0	40	60	37.53	-19.8	-2
1137	70	20	40	60	32.96	-12.83	-3.47
1138	70	40	40	60	28.96	-6.22	-4.88
1139	70	70	40	60	23.04	5.78	-6.84
1140	70	100	40	60	19.26	14.98	-7.85
1141	100	0	40	60	33.14	-27.73	-8.57
1142	100	20	40	60	29.53	-21.15	-9.41
1143	100	40	40	60	25.96	-14.23	-10.28
1144	100	70	40	60	20.62	-2.73	-11.76
1145	100	100	40	60	16.86	5.97	-12.71
1146	0	0	70	60	49.49	-3.07	32.68
1147	0	20	70	60	45.24	4.11	29.05
1148	0	40	70	60	40.75	11.79	25.5
1149	0	70	70	60	33.68	24.63	20.19
1150	0	100	70	60	28.03	36.25	16.59
1151	20	0	70	60	46.2	-8	26.86
1152	20	20	70	60	40.97	-1.39	23.4
1153	20	40	70	60	36.22	5.89	19.59
1154	20	70	70	60	29.6	18.97	14.79
1155	20	100	70	60	25.15	29.33	11.73
1156	40	0	70	60	42.59	-13.44	20.69
1157	40	20	70	60	37.51	-6.89	17.67
1158	40	40	70	60	32.9	0.32	14.32
1159	40	70	70	60	26.46	12.81	9.64
1160	40	100	70	60	22.46	22.32	6.88
1161	70	0	70	60	37.03	-22.63	11.44
1162	70	20	70	60	32.41	-15.57	9.25
1163	70	40	70	60	28.46	-8.83	6.73
1164	70	70	70	60	22.68	3.07	2.76
1165	70	100	70	60	19.14	12	0.35
1166	100	0	70	60	32.44	-31.3	3.89
1167	100	20	70	60	29.02	-24.69	2.59
1168	100	40	70	60	25.49	-17.66	0.76
1169	100	70	70	60	20.28	-6.1	-2.41
1170	100	100	70	60	16.74	2.51	-4.55
1171	0	0	100	60	49.03	-3.25	47.37
1172	0	20	100	60	44.45	4.35	42.23
1173	0	40	100	60	40.28	11.48	37.53
1174	0	70	100	60	33.51	24.03	29.84
1175	0	100	100	60	28.49	35.64	24.13
1176	20	0	100	60	45.39	-8.77	40.49
1177	20	20	100	60	40.34	-1.65	34.74
1178	20	40	100	60	36.13	5.47	30.06
1179	20	70	100	60	29.82	18.26	23.25
1180	20	100	100	60	25.14	28.07	18.19
1181	40	0	100	60	41.86	-14.21	33.87
1182	40	20	100	60	37.26	-7.45	28.76
1183	40	40	100	60	32.84	-0.31	23.94
1184	40	70	100	60	26.6	11.92	17.29
1185	40	100	100	60	22.51	21.09	13.17
1186	70	0	100	60	36.47	-23.93	23.57
1187	70	20	100	60	32.16	-16.61	19.24
1188	70	40	100	60	28.52	-9.91	15.6
1189	70	70	100	60	22.79	1.84	9.93
1190	70	100	100	60	19.18	10.39	6.48
1191	100	0	100	60	32.48	-33.26	15.24
1192	100	20	100	60	28.52	-26.03	11.93
1193	100	40	100	60	25.14	-19.35	9
1194	100	70	100	60	20.06	-7.86	4.45
1195	100	100	100	60	16.77	0.48	1.5
1196	0	0	0	80	35.8	-0.11	0.04
1197	0	40	0	80	29.33	10.08	-0.73
1198	0	70	0	80	24.49	18.63	-1.07
1199	0	100	0	80	19.51	27.91	-1
1200	40	0	0	80	30.71	-5.23	-7.04
1201	40	40	0	80	25.25	4.52	-7.75
1202	40	70	0	80	21.14	12.41	-7.82
1203	40	100	0	80	16.54	21.23	-7.58
1204	70	0	0	80	27.44	-9.82	-11.91
1205	70	40	0	80	22.52	-0.31	-12.15
1206	70	70	0	80	18.66	7.14	-12.29
1207	70	100	0	80	14.71	15.41	-11.9
1208	100	0	0	80	24.03	-14.67	-16.58
1209	100	40	0	80	19.6	-5.91	-16.45
1210	100	70	0	80	16.29	1.22	-16.27
1211	100	100	0	80	12.94	9.1	-15.78
1212	0	0	40	80	34.94	-1.79	12.11
1213	0	40	40	80	29.07	8.33	9.07
1214	0	70	40	80	24.67	16.4	7.32
1215	0	100	40	80	19.78	25.6	6.16
1216	40	0	40	80	30.46	-8.13	4.65
1217	40	40	40	80	24.09	1.41	2.05
1218	40	70	40	80	19.98	9.75	0.43
1219	40	100	40	80	16.49	17.27	-0.45
1220	70	0	40	80	27.28	-13.42	-0.55
1221	70	40	40	80	21.19	-4.62	-3.17
1222	70	70	40	80	17.12	4.57	-4.54
1223	70	100	40	80	14.7	11.5	-4.56
1224	100	0	40	80	23.63	-19.48	-5.54
1225	100	40	40	80	19.11	-10.08	-6.68
1226	100	70	40	80	15.81	-2.24	-7.74
1227	100	100	40	80	12.84	4.78	-8.1
1228	0	0	70	80	34.47	-2.55	21.13
1229	0	40	70	80	28.71	7.48	16.24
1230	0	70	70	80	24.58	15.68	13.84
1231	0	100	70	80	20.08	24.63	11.02
1232	40	0	70	80	30.07	-9.37	12.99
1233	40	40	70	80	23.89	0.04	9.58
1234	40	70	70	80	19.95	8.99	7.54
1235	40	100	70	80	16.74	15.52	4.78
1236	70	0	70	80	26.88	-15.56	7.79
1237	70	40	70	80	21.29	-6.64	5.34
1238	70	70	70	80	17.02	2.27	2.66
1239	70	100	70	80	14.74	9.43	0.84
1240	100	0	70	80	23.48	-21.7	2.21
1241	100	40	70	80	18.99	-12.38	0.32
1242	100	70	70	80	15.54	-4.63	-1.29
1243	100	100	70	80	13	2.18	-2.98
1244	0	0	100	80	33.74	-2.94	31.4
1245	0	40	100	80	28.3	6.82	25.25
1246	0	70	100	80	24.34	14.95	20.84
1247	0	100	100	80	20.34	23.63	16.43
1248	40	0	100	80	29.28	-10.22	22.7
1249	40	40	100	80	23.8	-0.91	16.71
1250	40	70	100	80	20.08	7.07	12.85
1251	40	100	100	80	16.78	13.95	9.44
1252	70	0	100	80	26.33	-16.61	16.79
1253	70	40	100	80	21.32	-6.91	11.83
1254	70	70	100	80	17.85	0.76	8.64
1255	70	100	100	80	14.96	7.46	5.56
1256	100	0	100	80	23.22	-23.19	10.69
1257	100	40	100	80	18.84	-14	6.88
1258	100	70	100	80	15.7	-6.44	4.08
1259	100	100	100	80	13.15	0.29	1.68
1260	0	0	0	100	19	0	1
1261	0	40	0	100	16.18	5.85	1.05
1262	0	100	0	100	11.3	14.84	1.2
1263	40	0	0	100	17.21	-2.95	-2.66
1264	40	40	0	100	14.44	2.81	-2.8
1265	40	100	0	100	9.97	11.79	-2.45
1266	100	0	0	100	14	-8.3	-7.95
1267	100	40	0	100	11.7	-2.65	-7.74
1268	100	100	0	100	8.13	6.05	-7.29
1269	0	0	40	100	19.25	-1.39	7.07
1270	0	40	40	100	16.26	4.21	5.75
1271	0	100	40	100	11.67	13.31	4.39
1272	40	0	40	100	17.15	-5.15	3.11
1273	40	40	40	100	14.2	0.75	1.9
1274	40	100	40	100	10.29	9.42	1.23
1275	100	0	40	100	14.11	-11.05	-2.24
1276	100	40	40	100	11.77	-5.2	-2.77
1277	100	100	40	100	8.59	3.48	-3.11
1278	0	0	100	100	18.23	-2.58	14.96
1279	0	40	100	100	15.8	2.76	12.45
1280	0	100	100	100	12.16	11.25	8.82
1281	40	0	100	100	16.44	-6.55	11.35
1282	40	40	100	100	14.17	-1.29	9.1
1283	40	100	100	100	10.93	6.58	5.8
1284	100	0	100	100	13.74	-13.12	6.02
1285	100	40	100	100	11.92	-7.91	4.41
1286	100	100	100	100	9.2	0	1.86
1287	100	0	0	0	57	-37	-44
1288	98	0	0	0	57.24	-36.59	-43.58
1289	95	0	0	0	57.78	-35.82	-42.82
1290	90	0	0	0	59.07	-34.07	-41.08
1291	85	0	0	0	60.42	-32.29	-39.32
1292	80	0	0	0	62.1	-30.13	-37.17
1293	75	0	0	0	63.77	-28.04	-35.05
1294	70	0	0	0	65.57	-25.81	-32.75
1295	60	0	0	0	69.26	-21.53	-28.1
1296	50	0	0	0	73.04	-17.38	-23.37
1297	40	0	0	0	76.77	-13.58	-18.73
1298	30	0	0	0	80.58	-10.01	-14.02
1299	25	0	0	0	82.46	-8.29	-11.7
1300	20	0	0	0	84.36	-6.58	-9.35
1301	15	0	0	0	86.2	-4.98	-7.1
1302	10	0	0	0	88.14	-3.29	-4.71
1303	7	0	0	0	89.28	-2.31	-3.31
1304	5	0	0	0	90.05	-1.66	-2.36
1305	3	0	0	0	90.82	-1	-1.41
1306	2	0	0	0	91.2	-0.67	-0.93
1307	0	100	0	0	48	71	-4
1308	0	98	0	0	48.41	70.13	-4.06
1309	0	95	0	0	49.15	68.65	-4.13
1310	0	90	0	0	50.68	65.61	-4.27
1311	0	85	0	0	52.5	62.09	-4.42
1312	0	80	0	0	54.56	58.13	-4.54
1313	0	75	0	0	56.73	54.07	-4.63
1314	0	70	0	0	58.94	50.06	-4.66
1315	0	60	0	0	63.57	41.97	-4.56
1316	0	50	0	0	68.38	34.03	-4.22
1317	0	40	0	0	73.1	26.65	-3.64
1318	0	30	0	0	77.8	19.7	-2.89
1319	0	25	0	0	80.15	16.31	-2.49
1320	0	20	0	0	82.54	12.94	-2.02
1321	0	15	0	0	84.81	9.79	-1.54
1322	0	10	0	0	87.15	6.56	-1.04
1323	0	7	0	0	88.6	4.58	-0.72
1324	0	5	0	0	89.57	3.27	-0.51
1325	0	3	0	0	90.52	1.99	-0.29
1326	0	2	0	0	91	1.34	-0.18
1327	0	0	100	0	87	-4	88
1328	0	0	98	0	86.98	-4.03	86.71
1329	0	0	95	0	87	-4.01	84.67
1330	0	0	90	0	87.1	-3.95	80.67
1331	0	0	85	0	87.27	-3.88	76.07
1332	0	0	80	0	87.47	-3.82	71.23
1333	0	0	75	0	87.68	-3.73	66.33
1334	0	0	70	0	87.9	-3.62	61.44
1335	0	0	60	0	88.38	-3.32	51.7
1336	0	0	50	0	88.92	-2.91	42.21
1337	0	0	40	0	89.48	-2.46	33.27
1338	0	0	30	0	90.07	-1.91	24.7
1339	0	0	25	0	90.37	-1.62	20.53
1340	0	0	20	0	90.69	-1.3	16.31
1341	0	0	15	0	91	-1	12.36
1342	0	0	10	0	91.33	-0.67	8.23
1343	0	0	7	0	91.52	-0.47	5.77
1344	0	0	5	0	91.65	-0.34	4.14
1345	0	0	3	0	91.79	-0.2	2.52
1346	0	0	2	0	91.86	-0.13	1.71
1347	0	0	0	100	19	0	1
1348	0	0	0	98	20.32	0	0.89
1349	0	0	0	95	22.68	-0.03	0.72
1350	0	0	0	90	27.09	-0.04	0.45
1351	0	0	0	85	31.44	-0.07	0.23
1352	0	0	0	80	35.8	-0.11	0.04
1353	0	0	0	75	40.06	-0.1	-0.15
1354	0	0	0	70	44.08	-0.08	-0.3
1355	0	0	0	60	51.69	-0.05	-0.54
1356	0	0	0	50	58.84	-0.05	-0.66
1357	0	0	0	40	65.51	-0.04	-0.7
1358	0	0	0	30	72.11	-0.04	-0.63
1359	0	0	0	25	75.35	-0.04	-0.58
1360	0	0	0	20	78.68	-0.04	-0.48
1361	0	0	0	15	81.85	-0.03	-0.38
1362	0	0	0	10	85.15	-0.02	-0.26
1363	0	0	0	7	87.18	-0.02	-0.18
1364	0	0	0	5	88.55	-0.01	-0.12
1365	0	0	0	3	89.87	0	-0.06
1366	0	0	0	2	90.6	0	-0.02
1367	0	0	0	0	92	0	0
1368	100	85	85	0	28.54	-4.32	-1.77
1369	80	65	65	0	38.38	-3.71	-1.71
1370	60	45	45	0	51.04	-2.87	-2.04
1371	40	27	27	0	64.45	-2.25	-2.16
1372	20	12	12	0	78.09	-1.46	-1.74
1373	10	6	6	0	84.84	-0.63	-0.93
1374	5	3	3	0	88.38	-0.23	-0.45
1375	40	27	27	10	59.72	-2.1	-2.26
1376	20	12	12	10	72.36	-1.41	-1.98
1377	10	6	6	10	78.62	-0.68	-1.21
1378	60	45	45	20	43.73	-2.57	-2.09
1379	40	27	27	20	55.11	-1.89	-2.26
1380	20	12	12	20	66.71	-1.3	-2.06
1381	10	6	6	20	72.44	-0.68	-1.41
1382	80	65	65	40	27.8	-2.74	-1.11
1383	60	45	45	40	36.61	-2.26	-1.71
1384	40	27	27	40	45.98	-1.59	-2.05
1385	20	12	12	40	55.5	-1.18	-2.03
1386	10	6	6	40	60.12	-0.66	-1.49
1387	100	85	85	60	18.25	-2.02	0.18
1388	80	65	65	60	22.53	-2.23	-0.52
1389	60	45	45	60	29.22	-1.89	-1.16
1390	40	27	27	60	36.56	-1.34	-1.55
1391	20	12	12	60	43.86	-0.98	-1.57
1392	10	6	6	60	47.36	-0.56	-1.2
1393	100	85	85	80	14.03	-1.48	0.69
1394	80	65	65	80	16.87	-1.67	0.23
1395	60	45	45	80	21.29	-1.49	-0.41
1396	40	27	27	80	26.24	-1	-0.6
1397	20	12	12	80	30.6	-0.64	-0.45
1398	10	6	6	80	33.03	-0.46	-0.39
1399	100	85	85	100	9.57	-0.97	1.39
1400	80	65	65	100	11	-1	1.01
1401	60	45	45	100	13.06	-0.77	0.79
1402	40	27	27	100	15.2	-0.43	0.72
1403	20	12	12	100	17.3	-0.48	0.64
1404	10	6	6	100	18.25	-0.21	0.69
1405	100	0	0	70	29.23	-17.94	-20.95
1406	0	100	0	70	23.82	34.6	-2.07
1407	0	0	100	70	41.76	-3.1	39.8
1408	100	100	0	70	15.45	10.61	-20.18
1409	100	0	100	70	28.14	-28.34	13.08
1410	0	100	100	70	24.6	29.98	20.43
1411	40	40	0	70	30.57	5.36	-10
1412	40	0	40	70	37.29	-9.75	5.68
1413	0	40	40	70	35.34	10.48	10.94
1414	3	3	0	0	89.37	0.97	-1.73
1415	3	0	3	0	90.63	-1.23	1.07
1416	0	3	3	0	90.34	1.8	2.11
1417	3	3	3	0	89.21	0.52	0.59
1418	3	0	0	3	88.73	-0.98	-1.47
1419	0	3	0	3	88.47	1.89	-0.38
1420	3	3	0	3	87.36	0.89	-1.78
1421	0	0	3	3	89.68	-0.21	2.29
1422	3	0	3	3	88.55	-1.22	0.87
1423	0	3	3	3	88.31	1.7	1.89
1424	3	3	3	3	87.28	0.44	0.41
1425	7	7	0	0	86.04	2.17	-4
1426	7	0	7	0	88.88	-2.96	2.41
1427	0	7	7	0	88.2	4.15	4.77
1428	7	7	7	0	85.57	1.09	1.34
1429	7	0	0	7	84.66	-2.2	-3.33
1430	0	7	0	7	84.01	4.3	-0.89
1431	7	7	0	7	81.6	2	-4.01
1432	0	0	7	7	86.76	-0.49	5.18
1433	7	0	7	7	84.28	-2.86	2.01
1434	0	7	7	7	83.66	3.85	4.25
1435	7	7	7	7	81.2	0.95	1
1436	40	3	0	0	75.57	-11.83	-18.92
1437	3	40	0	0	72.18	25.42	-4.99
1438	40	0	3	0	76.67	-14.14	-16.35
1439	40	3	3	0	75.36	-12.51	-16.77
1440	0	40	3	0	73.02	26.48	-1.61
1441	3	40	3	0	71.96	25.36	-3.01
1442	40	40	3	0	60.85	9.67	-19.24
1443	3	0	40	0	88.39	-3.75	31.69
1444	0	3	40	0	88.13	-0.43	32.44
1445	3	3	40	0	87.06	-1.81	30.93
1446	40	3	40	0	73.92	-18.01	11.82
1447	3	40	40	0	70.96	23.02	22.2
1448	40	0	0	3	75.04	-13.29	-18.43
1449	40	3	0	3	73.9	-11.61	-18.61
1450	0	40	0	3	71.46	26	-3.67
1451	3	40	0	3	70.56	24.8	-4.99
1452	40	40	0	3	59.84	9.84	-20.7
1453	40	0	3	3	74.95	-13.85	-16.15
1454	40	3	3	3	73.71	-12.27	-16.56
1455	0	40	3	3	71.39	25.84	-1.79
1456	3	40	3	3	70.38	24.75	-3.15
1457	40	40	3	3	59.52	9.43	-18.98
1458	0	0	40	3	87.45	-2.48	32.35
1459	3	0	40	3	86.39	-3.73	30.8
1460	40	0	40	3	73.58	-19.27	12.11
1461	0	3	40	3	86.16	-0.55	31.54
1462	3	3	40	3	85.13	-1.89	30.07
1463	40	3	40	3	72.31	-17.68	11.41
1464	0	40	40	3	70.47	23.68	23.01
1465	3	40	40	3	69.4	22.38	21.56
1466	40	40	40	3	57.36	4.71	4.04
1467	3	0	0	40	64.71	-0.78	-1.79
1468	0	3	0	40	64.5	1.41	-0.93
1469	3	3	0	40	63.73	0.65	-1.99
1470	40	3	0	40	54.45	-8.45	-14.13
1471	3	40	0	40	51.77	18.2	-4.2
1472	0	0	3	40	65.41	-0.25	1.05
1473	3	0	3	40	64.61	-1	-0.02
1474	40	0	3	40	55.22	-10.16	-12.34
1475	0	3	3	40	64.41	1.25	0.7
1476	3	3	3	40	63.05	0.27	-0.43
1477	40	3	3	40	54.17	-8.93	-12.57
1478	0	40	3	40	52.37	18.93	-1.77
1479	3	40	3	40	51.49	18.05	-2.8
1480	40	40	3	40	43.84	7.18	-14.24
1481	3	0	40	40	63.15	-3.36	21.32
1482	0	3	40	40	62.94	-0.98	21.89
1483	3	3	40	40	62.07	-1.97	20.77
1484	40	3	40	40	53.18	-13.2	7.72
1485	3	40	40	40	50.7	15.66	15.01
1486	0	0	0	10	85.15	-0.02	-0.26
1487	0	0	10	10	84.55	-0.7	7.23
1488	0	0	20	10	83.96	-1.35	14.77
1489	0	0	40	10	82.9	-2.5	30.4
1490	0	0	70	10	81.43	-3.63	56.55
1491	0	10	0	10	80.72	6.02	-1.25
1492	0	10	10	10	80.25	5.38	5.84
1493	0	10	20	10	79.73	4.73	13.09
1494	0	10	40	10	78.8	3.62	27.98
1495	0	10	70	10	77.55	2.54	53.02
1496	0	20	0	10	76.45	11.95	-2.16
1497	0	20	10	10	76.03	11.37	4.56
1498	0	20	20	10	75.62	10.69	11.57
1499	0	20	40	10	74.83	9.6	25.76
1500	0	20	70	10	73.73	8.63	49.61
1501	0	40	0	10	67.77	24.64	-3.71
1502	0	40	10	10	67.52	24.01	2.53
1503	0	40	20	10	67.27	23.43	8.92
1504	0	40	40	10	66.82	22.34	21.62
1505	0	40	70	10	66.1	21.3	43.1
1506	0	70	0	10	54.66	46.46	-4.68
1507	0	70	10	10	54.66	45.88	0.49
1508	0	70	20	10	54.69	45.18	5.92
1509	0	70	40	10	54.63	44.01	16.56
1510	0	70	70	10	54.39	42.63	34.29
1511	10	0	0	10	81.63	-3.08	-4.68
1512	10	0	10	10	81.12	-4.04	2.77
1513	10	0	20	10	80.61	-4.86	10.24
1514	10	0	40	10	79.65	-6.35	25.6
1515	10	0	70	10	78.36	-7.72	51.34
1516	10	10	0	10	77.42	2.79	-5.57
1517	10	10	10	10	76.76	1.29	1.33
1518	10	10	20	10	76.28	0.41	8.76
1519	10	10	40	10	75.44	-0.88	23.16
1520	10	10	70	10	74.3	-2.01	48.63
1521	10	20	0	10	73.32	8.57	-6.41
1522	10	20	10	10	72.52	7.37	0.12
1523	10	20	20	10	72.1	6.48	7.19
1524	10	20	40	10	71.4	5.18	20.97
1525	10	20	70	10	70.4	4.01	45.18
1526	10	40	0	10	64.96	20.89	-7.87
1527	10	40	10	10	64.17	20.14	-1.88
1528	10	40	20	10	63.85	19.33	4.52
1529	10	40	40	10	63.27	17.95	16.81
1530	10	40	70	10	62.69	16.59	38.66
1531	10	70	0	10	52.38	42.34	-8.7
1532	10	70	10	10	51.63	42.21	-3.69
1533	10	70	20	10	51.52	41.36	1.59
1534	10	70	40	10	51.3	39.95	11.92
1535	10	70	70	10	50.97	38.3	29.73
1536	20	0	0	10	78.13	-6.12	-9.02
1537	20	0	10	10	77.7	-7.34	-1.66
1538	20	0	20	10	77.22	-8.32	5.69
1539	20	0	40	10	76.36	-10.19	20.79
1540	20	0	70	10	75.2	-11.8	45.98
1541	20	10	0	10	74.11	-0.43	-9.84
1542	20	10	10	10	73.3	-2.37	-3.29
1543	20	10	20	10	72.83	-3.43	4.07
1544	20	10	40	10	72.1	-5.02	18.29
1545	20	10	70	10	71.06	-6.33	43.24
1546	20	20	0	10	70.18	5.18	-10.62
1547	20	20	10	10	69.19	3.57	-4.41
1548	20	20	20	10	68.77	2.48	2.55
1549	20	20	40	10	67.98	0.74	16.05
1550	20	20	70	10	66.99	-0.7	40.2
1551	20	40	0	10	62.18	17.17	-11.96
1552	20	40	10	10	61.21	16.07	-6.21
1553	20	40	20	10	60.62	15.02	-0.02
1554	20	40	40	10	59.94	13.35	12.04
1555	20	40	70	10	59.3	11.73	33.78
1556	20	70	0	10	50.08	38.13	-12.75
1557	20	70	10	10	49.18	37.77	-7.83
1558	20	70	20	10	48.54	37.07	-2.8
1559	20	70	40	10	48.15	35.37	7.22
1560	20	70	70	10	47.75	33.46	24.9
1561	40	0	0	10	71.2	-12.62	-17.69
1562	40	0	10	10	70.88	-14.29	-10.47
1563	40	0	20	10	70.52	-15.76	-3.29
1564	40	0	40	10	69.85	-18.39	11.27
1565	40	0	70	10	68.88	-20.69	35.41
1566	40	10	0	10	67.54	-7.21	-18.34
1567	40	10	10	10	66.96	-9.27	-11.66
1568	40	10	20	10	66.54	-10.75	-4.59
1569	40	10	40	10	65.82	-13.28	9.17
1570	40	10	70	10	64.92	-15.37	33.05
1571	40	20	0	10	63.97	-1.91	-18.96
1572	40	20	10	10	63.23	-3.73	-12.55
1573	40	20	20	10	62.68	-5.3	-5.89
1574	40	20	40	10	61.9	-7.71	7.23
1575	40	20	70	10	61.01	-9.91	30.35
1576	40	40	0	10	56.77	9.41	-19.91
1577	40	40	10	10	55.78	8.05	-14.13
1578	40	40	20	10	55.09	6.77	-8.09
1579	40	40	40	10	54.33	4.36	3.63
1580	40	40	70	10	53.46	2.04	24.53
1581	40	70	0	10	45.61	29.43	-20.49
1582	40	70	10	10	44.61	28.8	-15.59
1583	40	70	20	10	43.87	27.84	-10.62
1584	40	70	40	10	43.05	25.8	-0.99
1585	40	70	70	10	42.52	23.28	16.13
1586	70	0	0	10	60.98	-23.92	-30.61
1587	70	0	10	10	60.77	-26.27	-23.71
1588	70	0	20	10	60.51	-28.39	-16.86
1589	70	0	40	10	59.96	-32.34	-3.15
1590	70	0	70	10	58.91	-36.71	19.21
1591	70	10	0	10	57.93	-18.96	-30.83
1592	70	10	10	10	57.68	-21.27	-24.05
1593	70	10	20	10	57.33	-23.35	-17.38
1594	70	10	40	10	56.68	-27.08	-4.34
1595	70	10	70	10	55.65	-31.37	17.78
1596	70	20	0	10	54.92	-14.05	-31.05
1597	70	20	10	10	54.52	-16.15	-24.55
1598	70	20	20	10	54.1	-18.21	-18.02
1599	70	20	40	10	53.36	-21.77	-5.63
1600	70	20	70	10	52.37	-25.93	15.87
1601	70	40	0	10	48.79	-3.66	-31.38
1602	70	40	10	10	48.17	-5.41	-25.45
1603	70	40	20	10	47.59	-7.19	-19.5
1604	70	40	40	10	46.7	-10.54	-8.34
1605	70	40	70	10	45.81	-14.24	11.28
1606	70	70	0	10	38.95	14.62	-31.62
1607	70	70	10	10	38.1	13.73	-26.6
1608	70	70	20	10	37.44	12.48	-21.6
1609	70	70	40	10	36.62	9.75	-12.17
1610	70	70	70	10	35.95	6.05	4.07
1611	50	40	40	0	55.83	-0.14	-0.04
1612	100	0	0	10	53.09	-34.25	-40.85
1613	0	100	0	10	44.55	65.87	-4.15
1614	0	0	100	10	80.49	-3.95	80.95
1615	0	100	100	10	44.77	60.09	41.45
1616	100	0	100	10	48.54	-56.85	24.2
1617	100	100	0	10	25.74	16.28	-40.62
END_DATA							
