[0][0][0][0][90][0][4]
[0][10][0][0][85.24][6.43][2.82]
[0][20][0][0][80.72][12.69][1.7]
[0][30][0][0][76.07][19.32][0.69]
[0][40][0][0][71.47][26.13][-0.21]
[0][55][0][0][64.46][37.22][-1.25]
[0][70][0][0][57.59][49.06][-1.74]
[0][85][0][0][51.28][60.84][-1.77]
[0][100][0][0][46.87][69.55][-1.55]
[10][0][0][0][86.21][-3.23][-0.66]
[10][10][0][0][81.7][3.01][-1.77]
[10][20][0][0][77.37][9.09][-2.79]
[10][30][0][0][72.93][15.51][-3.76]
[10][40][0][0][68.48][22.21][-4.59]
[10][55][0][0][61.76][32.99][-5.58]
[10][70][0][0][55.15][44.64][-6.04]
[10][85][0][0][49.12][56.25][-6.03]
[10][100][0][0][44.87][64.86][-5.88]
[20][0][0][0][82.51][-6.45][-5.25]
[20][10][0][0][78.19][-0.41][-6.27]
[20][20][0][0][74.04][5.48][-7.22]
[20][30][0][0][69.81][11.72][-8.12]
[20][40][0][0][65.56][18.31][-8.87]
[20][55][0][0][59.11][28.82][-9.79]
[20][70][0][0][52.77][40.28][-10.21]
[20][85][0][0][46.93][51.77][-10.21]
[20][100][0][0][42.8][60.31][-10.09]
[30][0][0][0][78.8][-9.82][-9.87]
[30][10][0][0][74.69][-3.97][-10.77]
[30][20][0][0][70.75][1.72][-11.64]
[30][30][0][0][66.72][7.77][-12.43]
[30][40][0][0][62.66][14.17][-13.12]
[30][55][0][0][56.49][24.46][-13.95]
[30][70][0][0][50.4][35.72][-14.33]
[30][85][0][0][44.75][47.08][-14.35]
[30][100][0][0][40.73][55.49][-14.25]
[40][0][0][0][75.07][-13.31][-14.53]
[40][10][0][0][71.17][-7.64][-15.31]
[40][20][0][0][67.46][-2.17][-16.05]
[40][30][0][0][63.63][3.71][-16.73]
[40][40][0][0][59.79][9.87][-17.33]
[40][55][0][0][53.89][19.93][-18.06]
[40][70][0][0][48.02][30.94][-18.4]
[40][85][0][0][42.54][42.07][-18.45]
[40][100][0][0][38.62][50.32][-18.38]
[55][0][0][0][69.54][-19.08][-21.49]
[55][10][0][0][65.95][-13.6][-22.06]
[55][20][0][0][62.55][-8.33][-22.6]
[55][30][0][0][59.03][-2.71][-23.12]
[55][40][0][0][55.48][3.22][-23.55]
[55][55][0][0][50][12.8][-24.15]
[55][70][0][0][44.47][23.38][-24.44]
[55][85][0][0][39.21][34.07][-24.56]
[55][100][0][0][35.43][42.05][-24.62]
[70][0][0][0][64.09][-25.29][-28.39]
[70][10][0][0][60.86][-20.05][-28.69]
[70][20][0][0][57.77][-15][-28.99]
[70][30][0][0][54.56][-9.63][-29.27]
[70][40][0][0][51.29][-3.97][-29.53]
[70][55][0][0][46.19][5.15][-29.95]
[70][70][0][0][40.94][15.14][-30.22]
[70][85][0][0][35.87][25.32][-30.46]
[70][100][0][0][32.18][32.89][-30.68]
[85][0][0][0][59.04][-31.63][-34.88]
[85][10][0][0][56.17][-26.58][-34.84]
[85][20][0][0][53.39][-21.72][-34.87]
[85][30][0][0][50.45][-16.59][-34.92]
[85][40][0][0][47.42][-11.15][-35.01]
[85][55][0][0][42.66][-2.48][-35.24]
[85][70][0][0][37.65][6.93][-35.51]
[85][85][0][0][32.7][16.48][-35.91]
[85][100][0][0][28.97][23.52][-36.35]
[100][0][0][0][55.69][-36.24][-39.49]
[100][10][0][0][52.92][-31.47][-39.17]
[100][20][0][0][50.33][-26.73][-38.98]
[100][30][0][0][47.6][-21.78][-38.86]
[100][40][0][0][44.7][-16.41][-38.85]
[100][55][0][0][40.15][-8.07][-38.99]
[100][70][0][0][35.3][0.88][-39.25]
[100][85][0][0][30.34][9.92][-39.84]
[100][100][0][0][26.36][16.57][-40.54]
[0][0][10][0][89.34][-0.66][11.86]
[0][10][10][0][84.71][5.82][10.25]
[0][20][10][0][80.27][12.08][8.77]
[0][30][10][0][75.73][18.71][7.4]
[0][40][10][0][71.19][25.53][6.32]
[0][55][10][0][64.34][36.67][4.64]
[0][70][10][0][57.61][48.53][3.66]
[0][85][10][0][51.46][60.24][3.14]
[0][100][10][0][47.13][68.94][2.92]
[10][0][10][0][85.66][-4.2][7.1]
[10][10][10][0][80.99][1.48][5.43]
[10][20][10][0][76.53][7.84][4]
[10][30][10][0][72.07][14.52][2.68]
[10][40][10][0][67.65][21.46][1.58]
[10][55][10][0][61.04][32.53][0.1]
[10][70][10][0][54.41][44.62][-0.85]
[10][85][10][0][48.74][55.9][-1.3]
[10][100][10][0][44.88][63.95][-1.47]
[20][0][10][0][82.01][-7.67][2.4]
[20][10][10][0][77.32][-2.42][0.53]
[20][20][10][0][73.01][3.82][-0.79]
[20][30][10][0][68.76][10.31][-2]
[20][40][10][0][64.55][17.17][-2.99]
[20][55][10][0][58.21][28.02][-4.34]
[20][70][10][0][51.86][39.93][-5.22]
[20][85][10][0][46.39][51.11][-5.65]
[20][100][10][0][42.67][59.12][-5.83]
[30][0][10][0][78.36][-11.29][-2.31]
[30][10][10][0][73.86][-6.14][-4.04]
[30][20][10][0][69.76][-0.14][-5.25]
[30][30][10][0][65.63][6.13][-6.41]
[30][40][10][0][61.6][12.84][-7.33]
[30][55][10][0][55.5][23.46][-8.58]
[30][70][10][0][49.39][35.19][-9.41]
[30][85][10][0][44.1][46.22][-9.87]
[30][100][10][0][40.49][54.1][-10.06]
[40][0][10][0][74.7][-15.05][-7.04]
[40][10][10][0][70.55][-9.79][-8.44]
[40][20][10][0][66.67][-4.04][-9.5]
[40][30][10][0][62.73][2.05][-10.54]
[40][40][10][0][58.78][8.5][-11.45]
[40][55][10][0][52.92][18.85][-12.64]
[40][70][10][0][47.01][30.35][-13.45]
[40][85][10][0][41.87][41.14][-13.94]
[40][100][10][0][38.36][48.86][-14.15]
[55][0][10][0][69.24][-21.18][-14.15]
[55][10][10][0][65.59][-15.82][-15.01]
[55][20][10][0][62.01][-10.29][-15.87]
[55][30][10][0][58.37][-4.46][-16.72]
[55][40][10][0][54.71][1.69][-17.5]
[55][55][10][0][49.11][11.62][-18.6]
[55][70][10][0][43.49][22.68][-19.39]
[55][85][10][0][38.58][33.05][-19.96]
[55][100][10][0][35.18][40.51][-20.24]
[70][0][10][0][63.87][-27.77][-21.2]
[70][10][10][0][60.62][-22.51][-21.73]
[70][20][10][0][57.36][-17.22][-22.35]
[70][30][10][0][54.03][-11.66][-22.96]
[70][40][10][0][50.65][-5.79][-23.52]
[70][55][10][0][45.44][3.68][-24.39]
[70][70][10][0][40.04][14.28][-25.15]
[70][85][10][0][35.29][24.19][-25.81]
[70][100][10][0][31.98][31.28][-26.24]
[85][0][10][0][58.88][-34.43][-27.84]
[85][10][10][0][55.93][-29.38][-28.12]
[85][20][10][0][53][-24.32][-28.44]
[85][30][10][0][49.97][-19][-28.8]
[85][40][10][0][46.86][-13.39][-29.15]
[85][55][10][0][42.01][-4.36][-29.8]
[85][70][10][0][36.89][5.61][-30.51]
[85][85][10][0][32.22][15.12][-31.27]
[85][100][10][0][28.93][21.78][-31.84]
[100][0][10][0][55.38][-39.38][-32.6]
[100][10][10][0][52.68][-34.49][-32.61]
[100][20][10][0][49.99][-29.58][-32.69]
[100][30][10][0][47.17][-24.43][-32.86]
[100][40][10][0][44.22][-18.91][-33.05]
[100][55][10][0][39.62][-10.24][-33.53]
[100][70][10][0][34.69][-0.71][-34.24]
[100][85][10][0][30.07][8.34][-35.08]
[100][100][10][0][26.62][14.76][-35.86]
[0][0][20][0][88.72][-1.27][19.58]
[0][10][20][0][84.16][5.17][17.65]
[0][20][20][0][79.83][11.42][15.89]
[0][30][20][0][75.38][18.02][14.19]
[0][40][20][0][70.95][24.96][12.71]
[0][55][20][0][64.21][36.01][10.59]
[0][70][20][0][57.65][47.83][9.08]
[0][85][20][0][51.6][59.57][8.05]
[0][100][20][0][47.32][68.25][7.55]
[10][0][20][0][85.08][-4.99][14.73]
[10][10][20][0][80.48][0.59][13.01]
[10][20][20][0][76.07][6.95][11.21]
[10][30][20][0][71.68][13.64][9.54]
[10][40][20][0][67.34][20.66][8.05]
[10][55][20][0][60.81][31.73][6.02]
[10][70][20][0][54.33][43.81][4.51]
[10][85][20][0][48.77][55.08][3.59]
[10][100][20][0][44.97][63.13][3.09]
[20][0][20][0][81.47][-8.66][9.91]
[20][10][20][0][76.82][-3.49][8.02]
[20][20][20][0][72.55][2.71][6.29]
[20][30][20][0][68.25][9.21][4.72]
[20][40][20][0][63.94][16.11][3.28]
[20][55][20][0][57.55][27.11][1.33]
[20][70][20][0][51.2][39.32][-0.14]
[20][85][20][0][45.97][50.33][-1.02]
[20][100][20][0][42.54][57.91][-1.49]
[30][0][20][0][77.89][-12.52][5.09]
[30][10][20][0][73.4][-7.43][3.28]
[30][20][20][0][69.22][-1.49][1.66]
[30][30][20][0][65.09][4.85][0.18]
[30][40][20][0][60.93][11.6][-1.17]
[30][55][20][0][54.78][22.38][-2.99]
[30][70][20][0][48.65][34.38][-4.43]
[30][85][20][0][43.6][45.25][-5.32]
[30][100][20][0][40.29][52.71][-5.79]
[40][0][20][0][74.31][-16.56][0.24]
[40][10][20][0][70.13][-11.32][-1.24]
[40][20][20][0][66.09][-5.62][-2.73]
[40][30][20][0][62.12][0.57][-4.06]
[40][40][20][0][58.13][7.12][-5.33]
[40][55][20][0][52.18][17.66][-7.07]
[40][70][20][0][46.25][29.45][-8.48]
[40][85][20][0][41.35][40.08][-9.4]
[40][100][20][0][38.13][47.39][-9.88]
[55][0][20][0][68.91][-22.99][-7.04]
[55][10][20][0][65.2][-17.62][-8.06]
[55][20][20][0][61.5][-12.11][-9.14]
[55][30][20][0][57.78][-6.16][-10.29]
[55][40][20][0][54.05][0.14][-11.42]
[55][55][20][0][48.39][10.27][-13.02]
[55][70][20][0][42.75][21.66][-14.39]
[55][85][20][0][38.06][31.91][-15.37]
[55][100][20][0][34.94][38.98][-15.92]
[70][0][20][0][63.59][-29.93][-14.31]
[70][10][20][0][60.26][-24.66][-14.97]
[70][20][20][0][56.93][-19.33][-15.75]
[70][30][20][0][53.52][-13.62][-16.63]
[70][40][20][0][50.07][-7.61][-17.52]
[70][55][20][0][44.79][2.12][-18.88]
[70][70][20][0][39.37][13.08][-20.16]
[70][85][20][0][34.83][22.9][-21.19]
[70][100][20][0][31.81][29.69][-21.86]
[85][0][20][0][58.63][-36.91][-21.13]
[85][10][20][0][55.61][-31.88][-21.55]
[85][20][20][0][52.6][-26.81][-22.04]
[85][30][20][0][49.5][-21.36][-22.67]
[85][40][20][0][46.33][-15.58][-23.32]
[85][55][20][0][41.42][-6.31][-24.38]
[85][70][20][0][36.29][4.09][-25.59]
[85][85][20][0][31.81][13.62][-26.67]
[85][100][20][0][28.85][20.02][-27.42]
[100][0][20][0][55.12][-42.12][-26.02]
[100][10][20][0][52.38][-37.24][-26.19]
[100][20][20][0][49.63][-32.33][-26.44]
[100][30][20][0][46.75][-27.03][-26.84]
[100][40][20][0][43.75][-21.35][-27.31]
[100][55][20][0][39.12][-12.41][-28.18]
[100][70][20][0][34.18][-2.44][-29.32]
[100][85][20][0][29.8][6.65][-30.47]
[100][100][20][0][26.77][12.9][-31.28]
[0][0][30][0][88.11][-1.87][27.6]
[0][10][30][0][83.66][4.58][25.24]
[0][20][30][0][79.41][10.83][23.16]
[0][30][30][0][75.06][17.43][21.07]
[0][40][30][0][70.7][24.38][19.25]
[0][55][30][0][64.1][35.42][16.59]
[0][70][30][0][57.64][47.25][14.53]
[0][85][30][0][51.67][58.99][13.06]
[0][100][30][0][47.47][67.68][12.17]
[10][0][30][0][84.53][-5.8][22.6]
[10][10][30][0][80.03][-0.13][20.38]
[10][20][30][0][75.7][6.24][18.27]
[10][30][30][0][71.33][12.9][16.19]
[10][40][30][0][67.04][19.93][14.39]
[10][55][30][0][60.62][30.99][11.82]
[10][70][30][0][54.24][43.09][9.81]
[10][85][30][0][48.75][54.36][8.43]
[10][100][30][0][45.02][62.41][7.62]
[20][0][30][0][81][-9.65][17.66]
[20][10][30][0][76.42][-4.36][15.29]
[20][20][30][0][72.12][1.76][13.23]
[20][30][30][0][67.85][8.3][11.26]
[20][40][30][0][63.59][15.24][9.49]
[20][55][30][0][57.27][26.25][7.01]
[20][70][30][0][51.02][38.47][5.03]
[20][85][30][0][45.88][49.46][3.7]
[20][100][30][0][42.52][56.99][2.95]
[30][0][30][0][77.47][-13.72][12.7]
[30][10][30][0][72.98][-8.6][10.43]
[30][20][30][0][68.8][-2.61][8.48]
[30][30][30][0][64.66][3.8][6.63]
[30][40][30][0][60.53][10.57][4.95]
[30][55][30][0][54.34][21.38][2.54]
[30][70][30][0][48.18][33.54][0.55]
[30][85][30][0][43.22][44.32][-0.81]
[30][100][30][0][40.12][51.47][-1.54]
[40][0][30][0][73.94][-18][7.75]
[40][10][30][0][69.74][-12.68][5.82]
[40][20][30][0][65.68][-6.93][4.01]
[40][30][30][0][61.67][-0.67][2.28]
[40][40][30][0][57.69][5.93][0.69]
[40][55][30][0][51.71][16.51][-1.59]
[40][70][30][0][45.74][28.48][-3.54]
[40][85][30][0][40.94][39.06][-4.9]
[40][100][30][0][37.93][46.05][-5.63]
[55][0][30][0][68.59][-24.74][0.25]
[55][10][30][0][64.83][-19.29][-1.15]
[55][20][30][0][61.1][-13.7][-2.58]
[55][30][30][0][57.32][-7.67][-4.08]
[55][40][30][0][53.57][-1.33][-5.51]
[55][55][30][0][47.9][8.92][-7.61]
[55][70][30][0][42.23][20.54][-9.49]
[55][85][30][0][37.65][30.76][-10.87]
[55][100][30][0][34.75][37.55][-11.66]
[70][0][30][0][63.3][-32.06][-7.24]
[70][10][30][0][59.92][-26.69][-8.27]
[70][20][30][0][56.55][-21.27][-9.34]
[70][30][30][0][53.06][-15.44][-10.52]
[70][40][30][0][49.58][-9.31][-11.7]
[70][55][30][0][44.27][0.59][-13.54]
[70][70][30][0][38.87][11.76][-15.29]
[70][85][30][0][34.46][21.6][-16.7]
[70][100][30][0][31.64][28.13][-17.57]
[85][0][30][0][58.34][-39.43][-14.26]
[85][10][30][0][55.29][-34.28][-15.02]
[85][20][30][0][52.24][-29.12][-15.81]
[85][30][30][0][49.07][-23.55][-16.68]
[85][40][30][0][45.86][-17.63][-17.61]
[85][55][30][0][40.94][-8.15][-19.15]
[85][70][30][0][35.82][2.55][-20.77]
[85][85][30][0][31.5][12.1][-22.2]
[85][100][30][0][28.72][18.38][-23.13]
[100][0][30][0][54.84][-44.9][-19.3]
[100][10][30][0][52.07][-39.92][-19.78]
[100][20][30][0][49.28][-34.91][-20.3]
[100][30][30][0][46.36][-29.49][-20.95]
[100][40][30][0][43.32][-23.64][-21.71]
[100][55][30][0][38.69][-14.44][-23]
[100][70][30][0][33.77][-4.19][-24.53]
[100][85][30][0][29.51][5.08][-25.97]
[100][100][30][0][26.69][11.23][-26.96]
[0][0][40][0][87.53][-2.41][35.78]
[0][10][40][0][83.16][4.1][33.1]
[0][20][40][0][79.01][10.31][30.59]
[0][30][40][0][74.73][16.9][28.16]
[0][40][40][0][70.47][23.86][25.9]
[0][55][40][0][63.97][34.85][22.69]
[0][70][40][0][57.62][46.69][20.12]
[0][85][40][0][51.73][58.43][18.13]
[0][100][40][0][47.57][67.09][16.93]
[10][0][40][0][84.01][-6.52][30.63]
[10][10][40][0][79.6][-0.7][27.95]
[10][20][40][0][75.36][5.64][25.49]
[10][30][40][0][71.06][12.27][23.08]
[10][40][40][0][66.74][19.29][20.82]
[10][55][40][0][60.42][30.32][17.75]
[10][70][40][0][54.14][42.43][15.2]
[10][85][40][0][48.73][53.67][13.33]
[10][100][40][0][45.05][61.69][12.25]
[20][0][40][0][80.55][-10.53][25.56]
[20][10][40][0][76.06][-5.07][22.76]
[20][20][40][0][71.73][0.95][20.28]
[20][30][40][0][67.49][7.52][17.97]
[20][40][40][0][63.25][14.48][15.78]
[20][55][40][0][57][25.46][12.78]
[20][70][40][0][50.85][37.67][10.26]
[20][85][40][0][45.79][48.62][8.48]
[20][100][40][0][42.47][56.14][7.47]
[30][0][40][0][77.08][-14.79][20.48]
[30][10][40][0][72.65][-9.47][17.8]
[30][20][40][0][68.42][-3.6][15.42]
[30][30][40][0][64.28][2.83][13.24]
[30][40][40][0][60.16][9.66][11.14]
[30][55][40][0][54.02][20.44][8.22]
[30][70][40][0][47.94][32.62][5.66]
[30][85][40][0][43.08][43.36][3.88]
[30][100][40][0][40.03][50.48][2.9]
[40][0][40][0][73.57][-19.27][15.38]
[40][10][40][0][69.37][-13.91][13.01]
[40][20][40][0][65.29][-8.09][10.84]
[40][30][40][0][61.28][-1.78][8.79]
[40][40][40][0][57.29][4.82][6.79]
[40][55][40][0][51.35][15.42][4.01]
[40][70][40][0][45.44][27.43][1.49]
[40][85][40][0][40.69][38.01][-0.33]
[40][100][40][0][37.79][44.87][-1.33]
[55][0][40][0][68.27][-26.36][7.59]
[55][10][40][0][64.48][-20.82][5.83]
[55][20][40][0][60.71][-15.16][4.02]
[55][30][40][0][56.92][-9.06][2.21]
[55][40][40][0][53.16][-2.76][0.4]
[55][55][40][0][47.51][7.61][-2.15]
[55][70][40][0][41.9][19.3][-4.54]
[55][85][40][0][37.37][29.58][-6.35]
[55][100][40][0][34.59][36.24][-7.36]
[70][0][40][0][62.99][-34.05][-0.13]
[70][10][40][0][59.58][-28.56][-1.47]
[70][20][40][0][56.17][-23.05][-2.91]
[70][30][40][0][52.66][-17.14][-4.39]
[70][40][40][0][49.18][-10.96][-5.9]
[70][55][40][0][43.88][-0.95][-8.19]
[70][70][40][0][38.55][10.32][-10.43]
[70][85][40][0][34.2][20.24][-12.2]
[70][100][40][0][31.49][26.69][-13.27]
[85][0][40][0][58.03][-41.84][-7.35]
[85][10][40][0][54.93][-36.55][-8.43]
[85][20][40][0][51.87][-31.28][-9.54]
[85][30][40][0][48.69][-25.59][-10.72]
[85][40][40][0][45.45][-19.54][-11.97]
[85][55][40][0][40.55][-9.93][-13.9]
[85][70][40][0][35.49][0.93][-15.98]
[85][85][40][0][31.25][10.53][-17.74]
[85][100][40][0][28.58][16.79][-18.84]
[100][0][40][0][54.49][-47.58][-12.54]
[100][10][40][0][51.71][-42.44][-13.34]
[100][20][40][0][48.92][-37.31][-14.17]
[100][30][40][0][45.99][-31.77][-15.09]
[100][40][40][0][42.93][-25.75][-16.17]
[100][55][40][0][38.3][-16.4][-17.83]
[100][70][40][0][33.45][-5.93][-19.77]
[100][85][40][0][29.26][3.44][-21.52]
[100][100][40][0][26.52][9.59][-22.7]
[0][0][55][0][86.7][-3.07][48.85]
[0][10][55][0][82.44][3.52][45.5]
[0][20][55][0][78.39][9.77][42.52]
[0][30][55][0][74.24][16.37][39.48]
[0][40][55][0][70.09][23.24][36.64]
[0][55][55][0][63.76][34.16][32.5]
[0][70][55][0][57.53][45.92][28.96]
[0][85][55][0][51.73][57.58][26.13]
[0][100][55][0][47.62][66.16][24.33]
[10][0][55][0][83.3][-7.37][43.49]
[10][10][55][0][78.96][-1.36][40.38]
[10][20][55][0][74.83][4.94][37.38]
[10][30][55][0][70.64][11.56][34.37]
[10][40][55][0][66.45][18.49][31.54]
[10][55][55][0][60.14][29.45][27.43]
[10][70][55][0][53.97][41.51][23.92]
[10][85][55][0][48.68][52.65][21.2]
[10][100][55][0][45.03][60.61][19.53]
[20][0][55][0][79.92][-11.59][38.19]
[20][10][55][0][75.5][-5.87][35.02]
[20][20][55][0][71.21][0.06][32.01]
[20][30][55][0][67.04][6.62][29.08]
[20][40][55][0][62.87][13.52][26.3]
[20][55][55][0][56.66][24.41][22.29]
[20][70][55][0][50.61][36.59][18.81]
[20][85][55][0][45.67][47.46][16.2]
[20][100][55][0][42.41][54.95][14.64]
[30][0][55][0][76.51][-16.03][32.87]
[30][10][55][0][72.14][-10.48][29.83]
[30][20][55][0][67.92][-4.69][26.92]
[30][30][55][0][63.77][1.7][24.09]
[30][40][55][0][59.69][8.5][21.42]
[30][55][55][0][53.62][19.23][17.56]
[30][70][55][0][47.65][31.39][14.06]
[30][85][55][0][42.91][42.03][11.48]
[30][100][55][0][39.92][49.15][9.98]
[40][0][55][0][73.06][-20.73][27.49]
[40][10][55][0][68.89][-15.21][24.76]
[40][20][55][0][64.8][-9.47][22.09]
[40][30][55][0][60.77][-3.2][19.41]
[40][40][55][0][56.8][3.45][16.87]
[40][55][55][0][50.91][14.05][13.15]
[40][70][55][0][45.1][26.03][9.75]
[40][85][55][0][40.46][36.55][7.15]
[40][100][55][0][37.63][43.39][5.66]
[55][0][55][0][67.79][-28.32][19.31]
[55][10][55][0][63.98][-22.71][17.14]
[55][20][55][0][60.19][-16.99][14.88]
[55][30][55][0][56.38][-10.86][12.49]
[55][40][55][0][52.63][-4.5][10.19]
[55][55][55][0][47.01][5.92][6.74]
[55][70][55][0][41.51][17.61][3.51]
[55][85][55][0][37.08][27.87][0.98]
[55][100][55][0][34.37][34.53][-0.51]
[70][0][55][0][62.48][-36.67][11.17]
[70][10][55][0][59.05][-31.05][9.41]
[70][20][55][0][55.63][-25.45][7.55]
[70][30][55][0][52.13][-19.44][5.56]
[70][40][55][0][48.63][-13.13][3.53]
[70][55][55][0][43.39][-3.08][0.47]
[70][70][55][0][38.14][8.24][-2.56]
[70][85][55][0][33.88][18.19][-5]
[70][100][55][0][31.22][24.62][-6.46]
[85][0][55][0][57.4][-45.16][3.47]
[85][10][55][0][54.33][-39.71][2.01]
[85][20][55][0][51.28][-34.28][0.52]
[85][30][55][0][48.14][-28.45][-1.12]
[85][40][55][0][44.94][-22.26][-2.82]
[85][55][55][0][40.08][-12.49][-5.46]
[85][70][55][0][35.07][-1.5][-8.27]
[85][85][55][0][30.89][8.12][-10.64]
[85][100][55][0][28.26][14.34][-12.1]
[100][0][55][0][53.79][-51.47][-2.06]
[100][10][55][0][51][-46.05][-3.24]
[100][20][55][0][48.25][-40.7][-4.43]
[100][30][55][0][45.4][-34.96][-5.79]
[100][40][55][0][42.42][-28.87][-7.22]
[100][55][55][0][37.86][-19.3][-9.56]
[100][70][55][0][33.02][-8.59][-12.18]
[100][85][55][0][28.87][0.8][-14.48]
[100][100][55][0][26.16][6.9][-15.99]
[0][0][70][0][85.98][-3.55][62.67]
[0][10][70][0][81.8][3.06][58.73]
[0][20][70][0][77.86][9.33][55.08]
[0][30][70][0][73.8][15.95][51.42]
[0][40][70][0][69.73][22.81][47.93]
[0][55][70][0][63.52][33.69][42.78]
[0][70][70][0][57.36][45.31][38.21]
[0][85][70][0][51.6][56.8][34.4]
[0][100][70][0][47.52][65.25][31.83]
[10][0][70][0][82.65][-7.87][57.04]
[10][10][70][0][78.39][-1.78][54.06]
[10][20][70][0][74.36][4.48][50.4]
[10][30][70][0][70.26][11.05][46.77]
[10][40][70][0][66.16][17.93][43.23]
[10][55][70][0][59.97][28.8][38.08]
[10][70][70][0][53.79][40.77][33.4]
[10][85][70][0][48.54][51.79][29.71]
[10][100][70][0][44.96][59.62][27.27]
[20][0][70][0][79.36][-12.08][51.45]
[20][10][70][0][75.02][-6.31][48.44]
[20][20][70][0][70.8][-0.43][45.18]
[20][30][70][0][66.69][6.06][41.61]
[20][40][70][0][62.62][12.88][38.11]
[20][55][70][0][56.49][23.68][33.04]
[20][70][70][0][50.42][35.75][28.34]
[20][85][70][0][45.54][46.51][24.76]
[20][100][70][0][42.35][53.91][22.47]
[30][0][70][0][76.02][-16.63][45.85]
[30][10][70][0][71.71][-11.03][42.95]
[30][20][70][0][67.54][-5.3][39.81]
[30][30][70][0][63.38][0.96][36.5]
[30][40][70][0][59.35][7.69][33.08]
[30][55][70][0][53.36][18.37][28.15]
[30][70][70][0][47.45][30.43][23.5]
[30][85][70][0][42.79][41][20]
[30][100][70][0][39.87][48.04][17.82]
[40][0][70][0][72.59][-21.53][40.17]
[40][10][70][0][68.46][-15.98][37.58]
[40][20][70][0][64.42][-10.31][34.66]
[40][30][70][0][60.38][-4.13][31.52]
[40][40][70][0][56.45][2.48][28.28]
[40][55][70][0][50.62][13][23.53]
[40][70][70][0][44.9][24.92][19.01]
[40][85][70][0][40.34][35.37][15.57]
[40][100][70][0][37.56][42.14][13.46]
[55][0][70][0][67.3][-29.54][31.51]
[55][10][70][0][63.51][-23.94][29.43]
[55][20][70][0][59.77][-18.28][26.94]
[55][30][70][0][55.98][-12.17][24.17]
[55][40][70][0][52.27][-5.68][21.19]
[55][55][70][0][46.73][4.57][16.77]
[55][70][70][0][41.29][16.2][12.47]
[55][85][70][0][36.92][26.43][9.13]
[55][100][70][0][34.24][32.99][7.05]
[70][0][70][0][61.86][-38.63][22.8]
[70][10][70][0][58.48][-33.01][21.2]
[70][20][70][0][55.12][-27.34][19.15]
[70][30][70][0][51.68][-21.3][16.76]
[70][40][70][0][48.24][-14.91][14.13]
[70][55][70][0][43.09][-4.84][10.15]
[70][70][70][0][37.86][6.48][6.12]
[70][85][70][0][33.6][16.38][2.92]
[70][100][70][0][30.96][22.76][0.93]
[85][0][70][0][56.61][-48.05][14.54]
[85][10][70][0][53.62][-42.52][13.16]
[85][20][70][0][50.67][-36.92][11.48]
[85][30][70][0][47.63][-30.95][9.54]
[85][40][70][0][44.52][-24.63][7.36]
[85][55][70][0][39.77][-14.7][3.89]
[85][70][70][0][34.73][-3.75][0.19]
[85][85][70][0][30.5][5.77][-2.87]
[85][100][70][0][27.82][11.89][-4.83]
[100][0][70][0][52.81][-55.17][8.6]
[100][10][70][0][50.15][-49.54][7.45]
[100][20][70][0][47.55][-43.95][6.08]
[100][30][70][0][44.82][-37.99][4.47]
[100][40][70][0][41.97][-31.73][2.61]
[100][55][70][0][37.51][-21.93][-0.48]
[100][70][70][0][32.64][-11.22][-3.92]
[100][85][70][0][28.37][-1.97][-6.86]
[100][100][70][0][25.59][3.95][-8.83]
[0][0][85][0][85.36][-3.81][76.62]
[0][10][85][0][81.28][2.8][71.95]
[0][20][85][0][77.41][9.1][67.66]
[0][30][85][0][73.42][15.73][63.38]
[0][40][85][0][69.41][22.57][59.21]
[0][55][85][0][63.25][33.38][53.09]
[0][70][85][0][57.13][44.85][47.44]
[0][85][85][0][51.39][56.09][42.63]
[0][100][85][0][47.26][64.36][39.25]
[10][0][85][0][82.13][-8.01][70.64]
[10][10][85][0][77.97][-1.86][66.83]
[10][20][85][0][74.02][4.37][62.57]
[10][30][85][0][69.98][10.89][58.3]
[10][40][85][0][65.94][17.67][54.1]
[10][55][85][0][59.82][28.45][47.97]
[10][70][85][0][53.71][40.19][42.3]
[10][85][85][0][48.39][51.14][37.65]
[10][100][85][0][44.81][58.85][34.56]
[20][0][85][0][78.91][-12.12][64.75]
[20][10][85][0][74.67][-6.33][60.96]
[20][20][85][0][70.55][-0.5][57.09]
[20][30][85][0][66.5][5.92][52.87]
[20][40][85][0][62.47][12.6][48.72]
[20][55][85][0][56.43][23.28][42.68]
[20][70][85][0][50.44][35.16][37.01]
[20][85][85][0][45.46][45.9][32.49]
[20][100][85][0][42.29][53.21][29.64]
[30][0][85][0][75.61][-16.67][58.83]
[30][10][85][0][71.41][-11.07][55.18]
[30][20][85][0][67.32][-5.4][51.42]
[30][30][85][0][63.19][0.74][47.48]
[30][40][85][0][59.22][7.35][43.44]
[30][55][85][0][53.31][17.9][37.52]
[30][70][85][0][47.46][29.8][31.95]
[30][85][85][0][42.75][40.38][27.54]
[30][100][85][0][39.86][47.35][24.84]
[40][0][85][0][72.18][-21.74][52.84]
[40][10][85][0][68.14][-16.15][49.45]
[40][20][85][0][64.19][-10.56][45.94]
[40][30][85][0][60.2][-4.47][42.21]
[40][40][85][0][56.29][2.03][38.41]
[40][55][85][0][50.53][12.43][32.72]
[40][70][85][0][44.85][24.25][27.23]
[40][85][85][0][40.32][34.64][22.97]
[40][100][85][0][37.55][41.37][20.35]
[55][0][85][0][66.84][-30.19][43.61]
[55][10][85][0][63.13][-24.54][40.75]
[55][20][85][0][59.49][-18.88][37.67]
[55][30][85][0][55.79][-12.82][34.36]
[55][40][85][0][52.1][-6.4][30.91]
[55][55][85][0][46.65][3.81][25.59]
[55][70][85][0][41.23][15.36][20.39]
[55][85][85][0][36.87][25.47][16.3]
[55][100][85][0][34.18][31.99][13.79]
[70][0][85][0][61.22][-40.03][34.29]
[70][10][85][0][57.97][-34.28][31.97]
[70][20][85][0][54.74][-28.55][29.39]
[70][30][85][0][51.41][-22.43][26.52]
[70][40][85][0][48.05][-16.01][23.43]
[70][55][85][0][42.97][-5.92][18.64]
[70][70][85][0][37.76][5.3][13.78]
[70][85][85][0][33.44][15.07][9.88]
[70][100][85][0][30.73][21.34][7.46]
[85][0][85][0][55.7][-50.43][25.41]
[85][10][85][0][52.93][-44.61][23.51]
[85][20][85][0][50.14][-38.84][21.37]
[85][30][85][0][47.25][-32.66][18.94]
[85][40][85][0][44.25][-26.23][16.26]
[85][55][85][0][39.59][-16.2][12.02]
[85][70][85][0][34.52][-5.32][7.57]
[85][85][85][0][30.16][3.98][3.87]
[85][100][85][0][27.34][9.93][1.53]
[100][0][85][0][51.52][-58.33][18.98]
[100][10][85][0][49.25][-52.36][17.36]
[100][20][85][0][46.89][-46.44][15.57]
[100][30][85][0][44.35][-40.2][13.51]
[100][40][85][0][41.64][-33.74][11.22]
[100][55][85][0][37.29][-23.73][7.44]
[100][70][85][0][32.32][-13.14][3.3]
[100][85][85][0][27.86][-4.21][-0.25]
[100][100][85][0][24.9][1.54][-2.59]
[0][0][100][0][85.1][-3.92][87.97]
[0][10][100][0][80.95][2.62][82.54]
[0][20][100][0][77.09][8.94][77.73]
[0][30][100][0][73.14][15.57][72.91]
[0][40][100][0][69.13][22.47][68.28]
[0][55][100][0][63.04][33.19][61.41]
[0][70][100][0][56.92][44.5][54.84]
[0][85][100][0][51.13][55.55][49.11]
[0][100][100][0][46.87][63.67][45]
[10][0][100][0][81.8][-7.93][81.49]
[10][10][100][0][77.72][-1.85][76.41]
[10][20][100][0][73.8][4.32][71.67]
[10][30][100][0][69.81][10.82][66.9]
[10][40][100][0][65.79][17.61][62.31]
[10][55][100][0][59.71][28.24][55.47]
[10][70][100][0][53.65][39.78][48.99]
[10][85][100][0][48.32][50.62][43.58]
[10][100][100][0][44.6][58.24][39.95]
[20][0][100][0][78.6][-11.96][75.34]
[20][10][100][0][74.47][-6.22][70.32]
[20][20][100][0][70.41][-0.45][65.44]
[20][30][100][0][66.41][5.89][60.8]
[20][40][100][0][62.41][12.57][56.26]
[20][55][100][0][56.42][23.09][49.56]
[20][70][100][0][50.49][34.77][43.16]
[20][85][100][0][45.5][45.47][37.97]
[20][100][100][0][42.22][52.66][34.7]
[30][0][100][0][75.32][-16.5][69.18]
[30][10][100][0][71.23][-10.94][64.31]
[30][20][100][0][67.21][-5.35][59.56]
[30][30][100][0][63.13][0.72][54.86]
[30][40][100][0][59.2][7.31][50.44]
[30][55][100][0][53.35][17.68][43.94]
[30][70][100][0][47.55][29.42][37.66]
[30][85][100][0][42.84][39.97][32.66]
[30][100][100][0][39.84][46.86][29.61]
[40][0][100][0][71.87][-21.7][62.9]
[40][10][100][0][67.94][-16.08][58.35]
[40][20][100][0][64.07][-10.55][53.88]
[40][30][100][0][60.15][-4.55][49.42]
[40][40][100][0][56.26][1.89][45.05]
[40][55][100][0][50.56][12.13][38.77]
[40][70][100][0][44.91][23.85][32.63]
[40][85][100][0][40.38][34.21][27.82]
[40][100][100][0][37.54][40.87][24.9]
[55][0][100][0][66.45][-30.44][53.19]
[55][10][100][0][62.86][-24.7][49.22]
[55][20][100][0][59.31][-19.09][45.28]
[55][30][100][0][55.7][-13.06][41.24]
[55][40][100][0][52.07][-6.66][37.25]
[55][55][100][0][46.66][3.4][31.41]
[55][70][100][0][41.26][14.88][25.52]
[55][85][100][0][36.89][24.95][20.97]
[55][100][100][0][34.11][31.46][18.2]
[70][0][100][0][60.67][-40.93][43.37]
[70][10][100][0][57.56][-34.97][39.97]
[70][20][100][0][54.47][-29.15][36.55]
[70][30][100][0][51.26][-23][33.02]
[70][40][100][0][47.97][-16.55][29.48]
[70][55][100][0][42.96][-6.51][24.19]
[70][70][100][0][37.76][4.59][18.72]
[70][85][100][0][33.37][14.27][14.39]
[70][100][100][0][30.58][20.45][11.77]
[85][0][100][0][54.73][-52.15][33.98]
[85][10][100][0][52.29][-46.01][31.06]
[85][20][100][0][49.75][-39.97][28.12]
[85][30][100][0][47][-33.64][25.09]
[85][40][100][0][44.09][-27.1][22]
[85][55][100][0][39.53][-17.06][17.34]
[85][70][100][0][34.43][-6.28][12.33]
[85][85][100][0][29.94][2.88][8.21]
[85][100][100][0][27][8.7][5.68]
[100][0][100][0][49.81][-60.65][27.2]
[100][10][100][0][48.24][-54.27][24.67]
[100][20][100][0][46.36][-48][22.17]
[100][30][100][0][44.01][-41.51][19.52]
[100][40][100][0][41.4][-34.83][16.78]
[100][55][100][0][37.14][-24.68][12.56]
[100][70][100][0][32.12][-14.21][7.9]
[100][85][100][0][27.5][-5.52][3.94]
[100][100][100][0][24.41][0][1.24]
[0][0][0][20][76.94][-0.04][3.03]
[0][10][0][20][72.9][5.55][1.93]
[0][20][0][20][69.09][10.85][1.06]
[0][40][0][20][61.25][22.36][-0.61]
[0][70][0][20][49.41][42.21][-1.98]
[0][100][0][20][40.31][59.73][-2]
[10][0][0][20][73.79][-2.83][-1.07]
[10][10][0][20][69.97][2.57][-2.03]
[10][20][0][20][66.33][7.85][-2.81]
[10][40][0][20][58.71][18.88][-4.49]
[10][70][0][20][47.37][38.48][-5.61]
[10][100][0][20][38.59][55.85][-5.53]
[20][0][0][20][70.66][-5.57][-4.95]
[20][10][0][20][67.05][-0.39][-5.87]
[20][20][0][20][63.53][4.75][-6.66]
[20][40][0][20][56.22][15.5][-8.24]
[20][70][0][20][45.31][34.64][-9.28]
[20][100][0][20][36.79][51.8][-9.17]
[40][0][0][20][64.44][-11.46][-12.9]
[40][10][0][20][61.08][-6.4][-13.6]
[40][20][0][20][57.85][-1.52][-14.31]
[40][40][0][20][51.34][8.65][-15.4]
[40][70][0][20][41.26][26.76][-16.29]
[40][100][0][20][33.16][43.24][-16.26]
[70][0][0][20][55.33][-21.69][-24.64]
[70][10][0][20][52.52][-17.1][-24.97]
[70][20][0][20][49.75][-12.49][-25.33]
[70][40][0][20][44.17][-3.06][-25.81]
[70][70][0][20][35.3][13.5][-26.32]
[70][100][0][20][27.95][28.62][-26.41]
[100][0][0][20][48.26][-30.96][-33.82]
[100][10][0][20][45.91][-26.82][-33.81]
[100][20][0][20][43.55][-22.52][-33.76]
[100][40][0][20][38.57][-13.6][-33.73]
[100][70][0][20][30.6][1.44][-33.92]
[100][100][0][20][23.85][15.09][-34.28]
[0][0][10][20][76.45][-0.74][9.68]
[0][10][10][20][72.5][4.92][8.22]
[0][20][10][20][68.74][10.33][6.95]
[0][40][10][20][61.07][21.71][4.97]
[0][70][10][20][49.4][41.61][2.6]
[0][100][10][20][40.44][59.13][1.88]
[10][0][10][20][73.37][-3.81][5.59]
[10][10][10][20][69.11][1.16][4.14]
[10][20][10][20][65.32][6.72][2.93]
[10][40][10][20][57.84][18.13][0.89]
[10][70][10][20][46.62][38.22][-1.16]
[10][100][10][20][38.49][54.74][-1.74]
[20][0][10][20][70.31][-6.76][1.53]
[20][10][10][20][66.05][-2.14][-0.05]
[20][20][10][20][62.37][3.25][-1.18]
[20][40][10][20][55.2][14.48][-3.07]
[20][70][10][20][44.42][34.18][-4.91]
[20][100][10][20][36.59][50.5][-5.44]
[40][0][10][20][64.17][-13.02][-6.37]
[40][10][10][20][60.4][-8.3][-7.58]
[40][20][10][20][57.04][-3.21][-8.54]
[40][40][10][20][50.3][7.35][-10.19]
[40][70][10][20][40.28][26.09][-11.91]
[40][100][10][20][32.93][41.76][-12.47]
[70][0][10][20][55.14][-23.84][-18.49]
[70][10][10][20][52.19][-19.17][-18.87]
[70][20][10][20][49.31][-14.45][-19.44]
[70][40][10][20][43.55][-4.73][-20.48]
[70][70][10][20][34.46][12.57][-21.79]
[70][100][10][20][27.74][26.98][-22.51]
[100][0][10][20][48.05][-33.63][-28.08]
[100][10][10][20][45.62][-29.31][-28.12]
[100][20][10][20][43.18][-24.89][-28.3]
[100][40][10][20][38.16][-15.78][-28.56]
[100][70][10][20][30.07][0.01][-29.45]
[100][100][10][20][23.69][13.36][-30.42]
[0][0][20][20][75.87][-1.3][16.22]
[0][10][20][20][72.09][4.22][14.66]
[0][20][20][20][68.39][9.59][13.12]
[0][40][20][20][60.83][21.16][10.53]
[0][70][20][20][49.43][40.93][7.46]
[0][100][20][20][40.56][58.38][5.99]
[10][0][20][20][72.94][-4.5][12.15]
[10][10][20][20][68.73][0.33][10.67]
[10][20][20][20][65][5.81][9.1]
[10][40][20][20][57.57][17.38][6.49]
[10][70][20][20][46.49][37.36][3.51]
[10][100][20][20][38.53][53.85][2.28]
[20][0][20][20][69.9][-7.62][8]
[20][10][20][20][65.65][-3.13][6.36]
[20][20][20][20][62.02][2.22][4.9]
[20][40][20][20][54.61][13.52][2.37]
[20][70][20][20][43.79][33.44][-0.48]
[20][100][20][20][36.45][49.22][-1.6]
[40][0][20][20][63.87][-14.32][-0.11]
[40][10][20][20][60.07][-9.65][-1.38]
[40][20][20][20][56.53][-4.7][-2.67]
[40][40][20][20][49.63][6.14][-4.97]
[40][70][20][20][39.57][25.1][-7.55]
[40][100][20][20][32.71][40.27][-8.71]
[70][0][20][20][54.9][-25.74][-12.41]
[70][10][20][20][51.89][-21.03][-12.96]
[70][20][20][20][48.89][-16.3][-13.62]
[70][40][20][20][42.97][-6.35][-15.24]
[70][70][20][20][33.84][11.36][-17.36]
[70][100][20][20][27.56][25.36][-18.63]
[100][0][20][20][47.8][-36.05][-22.23]
[100][10][20][20][45.34][-31.67][-22.43]
[100][20][20][20][42.87][-27.26][-22.74]
[100][40][20][20][37.77][-17.86][-23.5]
[100][70][20][20][29.64][-1.54][-25.06]
[100][100][20][20][23.62][11.58][-26.39]
[0][0][40][20][74.9][-2.43][29.98]
[0][10][40][20][71.14][3.23][27.63]
[0][20][40][20][67.65][8.53][25.63]
[0][40][40][20][60.38][20.15][21.74]
[0][70][40][20][49.36][39.74][16.8]
[0][100][40][20][40.75][56.96][14.03]
[10][0][40][20][72.08][-5.88][25.72]
[10][10][40][20][67.98][-0.91][23.21]
[10][20][40][20][64.42][4.57][21.26]
[10][40][40][20][57][16.09][17.27]
[10][70][40][20][46.28][35.96][12.59]
[10][100][40][20][38.63][52.33][10.18]
[20][0][40][20][69.14][-9.36][21.33]
[20][10][40][20][65.07][-4.68][18.88]
[20][20][40][20][61.3][0.54][16.79]
[20][40][40][20][53.95][11.89][12.94]
[20][70][40][20][43.41][31.75][8.37]
[20][100][40][20][36.41][47.38][6.08]
[40][0][40][20][63.24][-16.8][12.68]
[40][10][40][20][59.39][-12.05][10.66]
[40][20][40][20][55.81][-7.06][8.88]
[40][40][40][20][49][3.78][5.41]
[40][70][40][20][38.78][23.03][0.94]
[40][100][40][20][32.36][37.63][-1.37]
[70][0][40][20][54.38][-29.36][-0.3]
[70][10][40][20][51.29][-24.48][-1.48]
[70][20][40][20][48.22][-19.6][-2.73]
[70][40][40][20][42.12][-9.53][-5.41]
[70][70][40][20][33.07][8.75][-9.02]
[70][100][40][20][27.22][22.45][-11.25]
[100][0][40][20][47.27][-40.66][-10.66]
[100][10][40][20][44.78][-36.22][-11.38]
[100][20][40][20][42.27][-31.5][-12.14]
[100][40][40][20][37.01][-21.5][-13.82]
[100][70][40][20][28.99][-4.62][-16.74]
[100][100][40][20][23.3][8.24][-18.89]
[0][0][70][20][73.62][-3.52][53.11]
[0][10][70][20][70.11][2.09][49.89]
[0][20][70][20][66.63][7.72][46.73]
[0][40][70][20][59.7][19.17][40.66]
[0][70][70][20][49.15][38.46][32.45]
[0][100][70][20][40.79][55.38][26.89]
[10][0][70][20][70.9][-7.25][48.46]
[10][10][70][20][67.08][-2.05][45.77]
[10][20][70][20][63.51][3.48][42.57]
[10][40][70][20][56.52][14.82][36.52]
[10][70][70][20][45.98][34.37][28.23]
[10][100][70][20][38.56][50.35][23.01]
[20][0][70][20][68.07][-11.05][43.59]
[20][10][70][20][64.14][-6.01][40.87]
[20][20][70][20][60.41][-0.84][37.99]
[20][40][70][20][53.42][10.37][32.03]
[20][70][70][20][43.06][29.87][23.83]
[20][100][70][20][36.3][45.24][18.94]
[40][0][70][20][62.34][-19.02][33.98]
[40][10][70][20][58.61][-14.1][31.67]
[40][20][70][20][55.01][-9.11][29.08]
[40][40][70][20][48.11][1.66][23.6]
[40][70][70][20][38.29][20.64][15.86]
[40][100][70][20][32.17][35][11.28]
[70][0][70][20][53.46][-33.36][19.48]
[70][10][70][20][50.36][-28.4][18]
[70][20][70][20][47.31][-23.41][16.13]
[70][40][70][20][41.29][-12.83][11.79]
[70][70][70][20][32.48][5.49][5.28]
[70][100][70][20][26.78][18.77][1.01]
[100][0][70][20][45.98][-46.97][7.64]
[100][10][70][20][43.58][-42.05][6.62]
[100][20][70][20][41.18][-37.14][5.37]
[100][40][70][20][36.18][-26.6][2.33]
[100][70][70][20][28.27][-9.27][-3.04]
[100][100][70][20][22.62][3.32][-6.83]
[0][0][100][20][72.69][-3.75][74.32]
[0][10][100][20][69.33][1.77][70.19]
[0][20][100][20][65.93][7.35][66.04]
[0][40][100][20][59.1][18.92][57.99]
[0][70][100][20][48.8][37.76][46.5]
[0][100][100][20][40.68][54.17][38.04]
[10][0][100][20][70.05][-7.37][69.22]
[10][10][100][20][66.49][-2.19][64.88]
[10][20][100][20][63.07][3.27][60.8]
[10][40][100][20][56.2][14.58][52.74]
[10][70][100][20][45.95][33.6][41.37]
[10][100][100][20][38.55][49.32][33.74]
[20][0][100][20][67.24][-11.13][63.87]
[20][10][100][20][63.65][-6.11][59.57]
[20][20][100][20][60.11][-1.01][55.34]
[20][40][100][20][53.27][10.13][47.43]
[20][70][100][20][43.18][29.14][36.29]
[20][100][100][20][36.31][44.15][29.07]
[40][0][100][20][61.5][-19.5][53.22]
[40][10][100][20][58.07][-14.49][49.24]
[40][20][100][20][54.69][-9.58][45.35]
[40][40][100][20][47.93][1.11][37.69]
[40][70][100][20][38.34][19.67][27.21]
[40][100][100][20][32.15][33.81][20.76]
[70][0][100][20][52.48][-35.23][36.99]
[70][10][100][20][49.63][-30.09][33.91]
[70][20][100][20][46.82][-24.99][30.84]
[70][40][100][20][41.03][-14.19][24.66]
[70][70][100][20][32.36][3.68][15.68]
[70][100][100][20][26.56][16.87][9.97]
[100][0][100][20][44.77][-50.9][23.6]
[100][10][100][20][42.59][-45.73][21.36]
[100][20][100][20][40.41][-40.21][19.01]
[100][40][100][20][35.64][-29.14][14.22]
[100][70][100][20][27.82][-11.81][6.87]
[100][100][100][20][22.01][0.31][1.74]
[0][0][0][40][64.03][-0.04][2.31]
[0][20][0][40][57.51][9.3][0.68]
[0][40][0][40][51.2][18.72][-0.59]
[0][70][0][40][41.45][34.97][-1.78]
[0][100][0][40][33.9][49.9][-2.04]
[20][0][0][40][58.95][-4.7][-4.45]
[20][20][0][40][53.11][3.97][-5.73]
[20][40][0][40][47.09][13.04][-6.9]
[20][70][0][40][38.17][28.98][-7.68]
[20][100][0][40][30.95][43.37][-7.91]
[40][0][0][40][54][-9.57][-10.84]
[40][20][0][40][48.52][-1.09][-11.9]
[40][40][0][40][43.15][7.36][-12.75]
[40][70][0][40][34.84][22.48][-13.52]
[40][100][0][40][28][36.35][-13.52]
[70][0][0][40][46.59][-18.02][-20.43]
[70][20][0][40][41.85][-10.15][-21.03]
[70][40][0][40][37.26][-2.11][-21.53]
[70][70][0][40][29.92][11.62][-21.92]
[70][100][0][40][23.81][24.44][-21.86]
[100][0][0][40][41.01][-25.82][-28.04]
[100][20][0][40][36.95][-18.78][-28.14]
[100][40][0][40][32.64][-11.02][-28.25]
[100][70][0][40][26.1][1.66][-28.24]
[100][100][0][40][20.65][13.41][-28.22]
[0][0][20][40][63.24][-1.29][13.44]
[0][20][20][40][57.04][7.74][10.55]
[0][40][20][40][50.83][17.41][8.64]
[0][70][20][40][41.43][33.77][5.86]
[0][100][20][40][34.02][48.51][4.67]
[20][0][20][40][58.37][-6.53][6.36]
[20][20][20][40][51.54][1.75][3.83]
[20][40][20][40][45.5][11.07][1.87]
[20][70][20][40][36.69][27.6][-0.48]
[20][100][20][40][30.56][40.67][-1.47]
[40][0][20][40][53.55][-11.93][-0.28]
[40][20][20][40][47.13][-3.83][-2.32]
[40][40][20][40][41.52][5.03][-4.02]
[40][70][20][40][33.26][20.74][-6.28]
[40][100][20][40][27.56][33.42][-7.17]
[70][0][20][40][46.18][-21.42][-10.18]
[70][20][20][40][40.98][-13.38][-11.27]
[70][40][20][40][36.07][-5.11][-12.49]
[70][70][20][40][28.56][9.53][-14.18]
[70][100][20][40][23.4][21.26][-15.07]
[100][0][20][40][40.53][-30.19][-18.39]
[100][20][20][40][36.24][-22.63][-18.76]
[100][40][20][40][31.91][-14.54][-19.37]
[100][70][20][40][25.28][-0.88][-20.7]
[100][100][20][40][20.31][9.99][-21.44]
[0][0][40][40][62.41][-2.39][24.37]
[0][20][40][40][56.41][6.93][20.87]
[0][40][40][40][50.41][16.34][17.79]
[0][70][40][40][41.34][32.53][13.82]
[0][100][40][40][34.14][47.07][11.5]
[20][0][40][40][57.77][-8.15][17.29]
[20][20][40][40][50.97][0.18][13.55]
[20][40][40][40][44.95][9.56][10.56]
[20][70][40][40][36.35][25.93][6.98]
[20][100][40][40][30.53][38.86][5.06]
[40][0][40][40][53.02][-14.15][10.41]
[40][20][40][40][46.49][-5.88][7.12]
[40][40][40][40][40.85][2.9][4.35]
[40][70][40][40][32.57][18.72][0.92]
[40][100][40][40][27.27][30.86][-0.85]
[70][0][40][40][45.76][-24.49][-0.21]
[70][20][40][40][40.33][-16.02][-2.31]
[70][40][40][40][35.32][-7.64][-4.29]
[70][70][40][40][27.9][7.13][-7.18]
[70][100][40][40][23.11][18.49][-8.88]
[100][0][40][40][40.05][-34.02][-8.68]
[100][20][40][40][35.79][-26.1][-9.87]
[100][40][40][40][31.32][-17.61][-11.23]
[100][70][40][40][24.69][-3.65][-13.46]
[100][100][40][40][20][6.99][-15.08]
[0][0][70][40][61.31][-3.3][43.4]
[0][20][70][40][55.67][5.78][38.37]
[0][40][70][40][49.9][15.47][33.5]
[0][70][70][40][41.18][31.32][26.6]
[0][100][70][40][34.2][45.62][21.89]
[20][0][70][40][56.86][-9.47][35.76]
[20][20][70][40][50.4][-1.18][31.21]
[20][40][70][40][44.53][8.09][26.22]
[20][70][70][40][36.08][24.2][19.63]
[20][100][70][40][30.51][36.97][15.6]
[40][0][70][40][52.24][-16.23][27.94]
[40][20][70][40][45.9][-7.87][23.81]
[40][40][70][40][40.26][0.9][19.39]
[40][70][70][40][32.18][16.47][13.12]
[40][100][70][40][27.16][28.31][9.46]
[70][0][70][40][45.09][-27.88][16.11]
[70][20][70][40][39.62][-19.32][13.21]
[70][40][70][40][34.62][-10.71][9.7]
[70][70][70][40][27.39][4.08][4.38]
[70][100][70][40][22.83][15.12][1.1]
[100][0][70][40][39.12][-38.81][6.49]
[100][20][70][40][34.93][-30.61][4.61]
[100][40][70][40][30.64][-21.79][2.11]
[100][70][70][40][24.21][-7.67][-2.21]
[100][100][70][40][19.67][2.81][-5.13]
[0][0][100][40][60.56][-3.48][60.9]
[0][20][100][40][55.01][5.55][54.34]
[0][40][100][40][49.41][15.2][47.97]
[0][70][100][40][40.96][30.75][38.29]
[0][100][100][40][34.32][44.72][31.08]
[20][0][100][40][56.06][-9.85][52.4]
[20][20][100][40][50.01][-1.42][45.23]
[20][40][100][40][44.44][7.76][38.96]
[20][70][100][40][36.28][23.51][29.89]
[20][100][100][40][30.49][35.94][23.69]
[40][0][100][40][51.48][-16.86][43.96]
[40][20][100][40][45.6][-8.33][37.2]
[40][40][100][40][40.14][0.31][31.02]
[40][70][100][40][32.28][15.63][22.47]
[40][100][100][40][27.16][27.16][17.18]
[70][0][100][40][44.37][-29.44][30.77]
[70][20][100][40][39.28][-20.62][25.38]
[70][40][100][40][34.52][-11.88][20.4]
[70][70][100][40][27.37][2.7][12.99]
[70][100][100][40][22.74][13.48][8.48]
[100][0][100][40][38.46][-41.69][19.91]
[100][20][100][40][34.34][-32.96][15.93]
[100][40][100][40][30.16][-23.93][11.98]
[100][70][100][40][23.84][-9.71][6.05]
[100][100][100][40][19.41][0.49][2.07]
[0][0][0][60][50.49][-0.05][1.91]
[0][20][0][60][45.43][7.47][0.66]
[0][40][0][60][40.67][14.71][-0.18]
[0][70][0][60][33.02][27.41][-1.12]
[0][100][0][60][27.12][39.58][-1.33]
[20][0][0][60][46.61][-3.8][-3.55]
[20][20][0][60][42.19][3.3][-4.4]
[20][40][0][60][37.57][10.42][-5.16]
[20][70][0][60][30.59][23.04][-5.8]
[20][100][0][60][24.7][34.31][-6.16]
[40][0][0][60][42.82][-7.5][-8.36]
[40][20][0][60][38.95][-1.09][-9.12]
[40][40][0][60][34.62][6][-9.86]
[40][70][0][60][28][18][-10.42]
[40][100][0][60][22.53][28.97][-10.39]
[70][0][0][60][37.2][-14.1][-15.77]
[70][20][0][60][33.45][-7.63][-16.34]
[70][40][0][60][30.06][-1.46][-16.77]
[70][70][0][60][24.21][9.63][-16.97]
[70][100][0][60][19.39][19.84][-16.79]
[100][0][0][60][33.13][-20.4][-21.9]
[100][20][0][60][29.61][-14.39][-22.14]
[100][40][0][60][26.43][-8.5][-22.12]
[100][70][0][60][21.27][1.8][-21.93]
[100][100][0][60][17.31][11.56][-21.85]
[0][0][20][60][49.96][-1.2][10.8]
[0][20][20][60][45.24][6.21][8.31]
[0][40][20][60][40.41][13.56][6.9]
[0][70][20][60][33.09][26.42][4.65]
[0][100][20][60][27.14][38.28][4.08]
[20][0][20][60][46.33][-5.44][5.12]
[20][20][20][60][40.72][1.3][3.16]
[20][40][20][60][36.2][8.77][1.77]
[20][70][20][60][29.37][21.56][-0.18]
[20][100][20][60][24.36][31.8][-0.85]
[40][0][20][60][42.64][-9.47][-0.48]
[40][20][20][60][37.47][-3.12][-1.63]
[40][40][20][60][33.05][3.97][-2.89]
[40][70][20][60][26.67][16.33][-4.73]
[40][100][20][60][22.19][26.32][-5.38]
[70][0][20][60][36.95][-16.99][-7.55]
[70][20][20][60][32.9][-10.49][-8.76]
[70][40][20][60][28.88][-3.91][-9.44]
[70][70][20][60][23.01][7.72][-10.66]
[70][100][20][60][19.05][16.93][-11.22]
[100][0][20][60][32.66][-24.07][-13.98]
[100][20][20][60][29.02][-17.53][-14.34]
[100][40][20][60][25.74][-11.25][-14.85]
[100][70][20][60][20.62][-0.32][-15.97]
[100][100][20][60][16.81][8.44][-16.14]
[0][0][40][60][49.36][-2.22][19.02]
[0][20][40][60][44.85][5.08][16.39]
[0][40][40][60][40.17][12.5][14.04]
[0][70][40][60][32.98][25.21][10.93]
[0][100][40][60][27.3][36.81][9.21]
[20][0][40][60][45.97][-6.56][13.6]
[20][20][40][60][40.26][0.21][10.72]
[20][40][40][60][35.66][7.17][8.36]
[20][70][40][60][29.06][20.11][5.67]
[20][100][40][60][24.49][30.43][4.3]
[40][0][40][60][42.24][-11.27][8.12]
[40][20][40][60][36.95][-4.83][5.78]
[40][40][40][60][32.47][2.12][3.57]
[40][70][40][60][26.09][14.45][0.97]
[40][100][40][60][21.96][24][-0.34]
[70][0][40][60][36.63][-19.34][-0.07]
[70][20][40][60][32.17][-12.52][-1.67]
[70][40][40][60][28.27][-6.06][-3.18]
[70][70][40][60][22.51][5.62][-5.31]
[70][100][40][60][18.84][14.52][-6.43]
[100][0][40][60][32.34][-27.03][-6.51]
[100][20][40][60][28.82][-20.59][-7.46]
[100][40][40][60][25.35][-13.83][-8.44]
[100][70][40][60][20.16][-2.64][-10.06]
[100][100][40][60][16.52][5.76][-11.11]
[0][0][70][60][48.33][-3.01][33.46]
[0][20][70][60][44.17][4.02][29.79]
[0][40][70][60][39.78][11.53][26.18]
[0][70][70][60][32.87][24.06][20.75]
[0][100][70][60][27.36][35.37][16.99]
[20][0][70][60][45.11][-7.83][27.77]
[20][20][70][60][40][-1.36][24.21]
[20][40][70][60][35.35][5.76][20.34]
[20][70][70][60][28.89][18.51][15.41]
[20][100][70][60][24.56][28.58][12.25]
[40][0][70][60][41.58][-13.14][21.73]
[40][20][70][60][36.61][-6.73][18.6]
[40][40][70][60][32.11][0.31][15.18]
[40][70][70][60][25.83][12.48][10.39]
[40][100][70][60][21.94][21.7][7.55]
[70][0][70][60][36.14][-22.1][12.68]
[70][20][70][60][31.63][-15.18][10.37]
[70][40][70][60][27.78][-8.6][7.77]
[70][70][70][60][22.16][2.98][3.71]
[70][100][70][60][18.73][11.63][1.25]
[100][0][70][60][31.66][-30.5][5.29]
[100][20][70][60][28.33][-24.03][3.89]
[100][40][70][60][24.89][-17.15][1.99]
[100][70][70][60][19.83][-5.9][-1.27]
[100][100][70][60][16.41][2.42][-3.46]
[0][0][100][60][47.88][-3.18][47.3]
[0][20][100][60][43.4][4.26][42.15]
[0][40][100][60][39.32][11.23][37.44]
[0][70][100][60][32.71][23.48][29.73]
[0][100][100][60][27.81][34.78][24.01]
[20][0][100][60][44.32][-8.58][40.59]
[20][20][100][60][39.38][-1.61][34.84]
[20][40][100][60][35.26][5.34][30.15]
[20][70][100][60][29.11][17.82][23.32]
[20][100][100][60][24.55][27.35][18.24]
[40][0][100][60][40.87][-13.89][34.13]
[40][20][100][60][36.37][-7.28][29.02]
[40][40][100][60][32.05][-0.3][24.2]
[40][70][100][60][25.97][11.61][17.53]
[40][100][100][60][21.99][20.51][13.38]
[70][0][100][60][35.6][-23.36][24.1]
[70][20][100][60][31.39][-16.2][19.75]
[70][40][100][60][27.84][-9.65][16.1]
[70][70][100][60][22.26][1.79][10.41]
[70][100][100][60][18.77][10.06][6.94]
[100][0][100][60][31.7][-32.41][16.02]
[100][20][100][60][27.84][-25.32][12.66]
[100][40][100][60][24.55][-18.79][9.7]
[100][70][100][60][19.62][-7.6][5.13]
[100][100][100][60][16.44][0.46][2.17]
[0][0][0][80][34.94][-0.11][1.79]
[0][40][0][80][28.63][9.83][0.77]
[0][70][0][80][23.92][18.13][0.21]
[0][100][0][80][19.08][27.09][0.01]
[40][0][0][80][29.97][-5.1][-5.16]
[40][40][0][80][24.66][4.4][-6.07]
[40][70][0][80][20.66][12.05][-6.32]
[40][100][0][80][16.22][20.53][-6.3]
[70][0][0][80][26.79][-9.56][-9.92]
[70][40][0][80][22][-0.3][-10.35]
[70][70][0][80][18.26][6.91][-10.64]
[70][100][0][80][14.45][14.85][-10.43]
[100][0][0][80][23.47][-14.24][-14.5]
[100][40][0][80][19.17][-5.72][-14.54]
[100][70][0][80][15.98][1.18][-14.48]
[100][100][0][80][12.76][8.73][-14.13]
[0][0][40][80][34.1][-1.75][13.2]
[0][40][40][80][28.37][8.12][10.01]
[0][70][40][80][24.09][15.96][8.1]
[0][100][40][80][19.35][24.85][6.69]
[40][0][40][80][29.73][-7.93][5.92]
[40][40][40][80][23.53][1.37][3.13]
[40][70][40][80][19.54][9.45][1.37]
[40][100][40][80][16.17][16.69][0.34]
[70][0][40][80][26.63][-13.06][0.84]
[70][40][40][80][20.71][-4.48][-1.93]
[70][70][40][80][16.78][4.41][-3.43]
[70][100][40][80][14.45][11.07][-3.58]
[100][0][40][80][23.08][-18.89][-4.05]
[100][40][40][80][18.7][-9.74][-5.34]
[100][70][40][80][15.51][-2.16][-6.48]
[100][100][40][80][12.66][4.58][-6.96]
[0][0][70][80][33.64][-2.49][21.68]
[0][40][70][80][28.02][7.29][16.71]
[0][70][70][80][24][15.26][14.17]
[0][100][70][80][19.64][23.91][11.19]
[40][0][70][80][29.35][-9.13][13.76]
[40][40][70][80][23.33][0.04][10.16]
[40][70][70][80][19.51][8.71][7.98]
[40][100][70][80][16.41][15][5.19]
[70][0][70][80][26.24][-15.13][8.68]
[70][40][70][80][20.81][-6.43][6.04]
[70][70][70][80][16.68][2.19][3.26]
[70][100][70][80][14.48][9.08][1.42]
[100][0][70][80][22.93][-21.03][3.24]
[100][40][70][80][18.58][-11.95][1.21]
[100][70][70][80][15.25][-4.45][-0.49]
[100][100][70][80][12.82][2.09][-2.21]
[0][0][100][80][32.93][-2.87][31.2]
[0][40][100][80][27.62][6.65][25.02]
[0][70][100][80][23.77][14.55][20.58]
[0][100][100][80][19.89][22.95][16.14]
[40][0][100][80][28.58][-9.96][22.76]
[40][40][100][80][23.25][-0.88][16.75]
[40][70][100][80][19.64][6.85][12.87]
[40][100][100][80][16.45][13.48][9.44]
[70][0][100][80][25.71][-16.15][17.04]
[70][40][100][80][20.84][-6.69][12.05]
[70][70][100][80][17.48][0.73][8.82]
[70][100][100][80][14.7][7.18][5.75]
[100][0][100][80][22.68][-22.47][11.15]
[100][40][100][80][18.44][-13.51][7.29]
[100][70][100][80][15.41][-6.19][4.46]
[100][100][100][80][12.96][0.28][2.06]
[0][0][0][100][18.59][0][1.85]
[0][40][0][100][15.87][5.64][1.71]
[0][100][0][100][11.19][14.2][1.47]
[40][0][0][100][16.86][-2.84][-1.67]
[40][40][0][100][14.2][2.7][-1.96]
[40][100][0][100][9.93][11.23][-1.93]
[100][0][0][100][13.77][-7.94][-6.77]
[100][40][0][100][11.57][-2.52][-6.68]
[100][100][0][100][8.19][5.71][-6.44]
[0][0][40][100][18.83][-1.34][7.49]
[0][40][40][100][15.95][4.06][6.04]
[0][100][40][100][11.54][12.74][4.37]
[40][0][40][100][16.8][-4.96][3.68]
[40][40][40][100][13.97][0.72][2.35]
[40][100][40][100][10.23][8.97][1.41]
[100][0][40][100][13.88][-10.57][-1.46]
[100][40][40][100][11.64][-4.95][-2.1]
[100][100][40][100][8.62][3.28][-2.63]
[0][0][100][100][17.85][-2.49][14.57]
[0][40][100][100][15.5][2.66][12.03]
[0][100][100][100][12.01][10.78][8.35]
[40][0][100][100][16.12][-6.3][11.13]
[40][40][100][100][13.94][-1.24][8.85]
[40][100][100][100][10.84][6.27][5.53]
[100][0][100][100][13.52][-12.53][6.04]
[100][40][100][100][11.78][-7.52][4.41]
[100][100][100][100][9.2][0][1.86]
[100][0][0][0][55.69][-36.24][-39.49]
[98][0][0][0][55.92][-35.83][-39.08]
[95][0][0][0][56.45][-35.08][-38.33]
[90][0][0][0][57.72][-33.37][-36.62]
[85][0][0][0][59.04][-31.63][-34.88]
[80][0][0][0][60.68][-29.52][-32.76]
[75][0][0][0][62.32][-27.48][-30.66]
[70][0][0][0][64.09][-25.29][-28.39]
[60][0][0][0][67.7][-21.1][-23.8]
[50][0][0][0][71.41][-17.04][-19.12]
[40][0][0][0][75.07][-13.31][-14.53]
[30][0][0][0][78.8][-9.82][-9.87]
[25][0][0][0][80.64][-8.13][-7.58]
[20][0][0][0][82.51][-6.45][-5.25]
[15][0][0][0][84.31][-4.88][-3.03]
[10][0][0][0][86.21][-3.23][-0.66]
[7][0][0][0][87.33][-2.27][0.72]
[5][0][0][0][88.09][-1.63][1.66]
[3][0][0][0][88.84][-0.98][2.6]
[2][0][0][0][89.22][-0.66][3.08]
[0][100][0][0][46.87][69.55][-1.55]
[0][98][0][0][47.28][68.7][-1.59]
[0][95][0][0][48][67.25][-1.62]
[0][90][0][0][49.5][64.28][-1.7]
[0][85][0][0][51.28][60.84][-1.77]
[0][80][0][0][53.3][56.96][-1.8]
[0][75][0][0][55.42][52.99][-1.8]
[0][70][0][0][57.59][49.06][-1.74]
[0][60][0][0][62.13][41.14][-1.46]
[0][50][0][0][66.84][33.36][-0.95]
[0][40][0][0][71.47][26.13][-0.21]
[0][30][0][0][76.07][19.32][0.69]
[0][25][0][0][78.38][15.99][1.16]
[0][20][0][0][80.72][12.69][1.7]
[0][15][0][0][82.95][9.6][2.25]
[0][10][0][0][85.24][6.43][2.82]
[0][7][0][0][86.67][4.49][3.18]
[0][5][0][0][87.62][3.21][3.42]
[0][3][0][0][88.55][1.95][3.67]
[0][2][0][0][89.02][1.31][3.79]
[0][0][100][0][85.1][-3.92][87.97]
[0][0][98][0][85.08][-3.95][86.74]
[0][0][95][0][85.1][-3.93][84.8]
[0][0][90][0][85.19][-3.87][80.99]
[0][0][85][0][85.36][-3.81][76.62]
[0][0][80][0][85.56][-3.75][72.01]
[0][0][75][0][85.76][-3.66][67.34]
[0][0][70][0][85.98][-3.55][62.67]
[0][0][60][0][86.45][-3.26][53.38]
[0][0][50][0][86.98][-2.85][44.32]
[0][0][40][0][87.53][-2.41][35.78]
[0][0][30][0][88.11][-1.87][27.6]
[0][0][25][0][88.4][-1.59][23.61]
[0][0][20][0][88.72][-1.27][19.58]
[0][0][15][0][89.02][-0.98][15.81]
[0][0][10][0][89.34][-0.66][11.86]
[0][0][7][0][89.53][-0.46][9.51]
[0][0][5][0][89.66][-0.33][7.96]
[0][0][3][0][89.79][-0.2][6.41]
[0][0][2][0][89.86][-0.13][5.63]
[0][0][0][100][18.59][0][1.85]
[0][0][0][98][19.87][0][1.82]
[0][0][0][95][22.16][-0.03][1.8]
[0][0][0][90][26.45][-0.04][1.78]
[0][0][0][85][30.69][-0.07][1.78]
[0][0][0][80][34.94][-0.11][1.79]
[0][0][0][75][39.11][-0.1][1.8]
[0][0][0][70][43.04][-0.08][1.83]
[0][0][0][60][50.49][-0.05][1.91]
[0][0][0][50][57.49][-0.05][2.08]
[0][0][0][40][64.03][-0.04][2.31]
[0][0][0][30][70.5][-0.04][2.63]
[0][0][0][25][73.67][-0.04][2.8]
[0][0][0][20][76.94][-0.04][3.03]
[0][0][0][15][80.05][-0.03][3.25]
[0][0][0][10][83.28][-0.02][3.49]
[0][0][0][7][85.27][-0.02][3.64]
[0][0][0][5][86.62][-0.01][3.75]
[0][0][0][3][87.91][0][3.86]
[0][0][0][2][88.63][0][3.93]
[0][0][0][0][90][0][4]
[100][85][85][0][27.86][-4.21][-0.25]
[80][65][65][0][37.46][-3.63][0.24]
[60][45][45][0][49.85][-2.81][0.45]
[40][27][27][0][62.99][-2.21][0.87]
[20][12][12][0][76.36][-1.43][1.8]
[10][6][6][0][82.98][-0.62][2.83]
[5][3][3][0][86.45][-0.23][3.43]
[40][27][27][10][58.35][-2.06][0.59]
[20][12][12][10][70.74][-1.38][1.35]
[10][6][6][10][76.88][-0.67][2.33]
[60][45][45][20][42.7][-2.51][0.1]
[40][27][27][20][53.84][-1.85][0.4]
[20][12][12][20][65.2][-1.27][1.05]
[10][6][6][20][70.82][-0.67][1.9]
[80][65][65][40][27.14][-2.67][0.33]
[60][45][45][40][35.73][-2.21][0.16]
[40][27][27][40][44.9][-1.56][0.23]
[20][12][12][40][54.22][-1.16][0.64]
[10][6][6][40][58.74][-0.65][1.34]
[100][85][85][60][17.87][-1.95][1.04]
[80][65][65][60][22.01][-2.16][0.63]
[60][45][45][60][28.52][-1.84][0.35]
[40][27][27][60][35.68][-1.31][0.31]
[20][12][12][60][42.82][-0.96][0.61]
[10][6][6][60][46.25][-0.55][1.1]
[100][85][85][80][13.8][-1.42][1.23]
[80][65][65][80][16.53][-1.61][1]
[60][45][45][80][20.81][-1.44][0.66]
[40][27][27][80][25.62][-0.97][0.74]
[20][12][12][80][29.87][-0.62][1.09]
[10][6][6][80][32.24][-0.45][1.26]
[100][85][85][100][9.55][-0.92][1.48]
[80][65][65][100][10.91][-0.95][1.28]
[60][45][45][100][12.87][-0.74][1.25]
[40][27][27][100][14.93][-0.41][1.34]
[20][12][12][100][16.95][-0.46][1.41]
[10][6][6][100][17.87][-0.2][1.51]
[100][0][0][70][28.53][-17.47][-18.46]
[0][100][0][70][23.26][33.7][-0.77]
[0][0][100][70][40.77][-3.03][39.67]
[100][100][0][70][15.17][10.23][-18.2]
[100][0][100][70][27.47][-27.55][13.72]
[0][100][100][70][24.02][29.2][20.24]
[40][40][0][70][29.84][5.23][-7.98]
[40][0][40][70][36.4][-9.53][7.22]
[0][40][40][70][34.49][10.24][12.12]
[3][3][0][0][87.42][0.95][2.24]
[3][0][3][0][88.66][-1.21][4.97]
[0][3][3][0][88.37][1.77][5.96]
[3][3][3][0][87.26][0.51][4.46]
[3][0][0][3][86.79][-0.96][2.47]
[0][3][0][3][86.54][1.85][3.5]
[3][3][0][3][85.45][0.87][2.12]
[0][0][3][3][87.72][-0.21][6.11]
[3][0][3][3][86.62][-1.2][4.7]
[0][3][3][3][86.38][1.67][5.67]
[3][3][3][3][85.37][0.43][4.21]
[7][7][0][0][84.15][2.13][-0.06]
[7][0][7][0][86.94][-2.9][6.19]
[0][7][7][0][86.27][4.07][8.43]
[7][7][7][0][83.69][1.07][5.04]
[7][0][0][7][82.8][-2.16][0.53]
[0][7][0][7][82.16][4.22][2.84]
[7][7][0][7][79.8][1.96][-0.24]
[0][0][7][7][84.86][-0.48][8.76]
[7][0][7][7][82.43][-2.8][5.63]
[0][7][7][7][81.82][3.78][7.75]
[7][7][7][7][79.41][0.93][4.54]
[40][3][0][0][73.89][-11.6][-14.76]
[3][40][0][0][70.56][24.92][-1.54]
[40][0][3][0][74.97][-13.86][-12.26]
[40][3][3][0][73.68][-12.26][-12.71]
[0][40][3][0][71.39][25.96][1.73]
[3][40][3][0][70.35][24.86][0.35]
[40][40][3][0][59.46][9.48][-15.63]
[3][0][40][0][86.46][-3.68][34.23]
[0][3][40][0][86.2][-0.42][34.93]
[3][3][40][0][85.16][-1.78][33.44]
[40][3][40][0][72.27][-17.66][14.62]
[3][40][40][0][69.37][22.57][24.44]
[40][0][0][3][73.37][-13.03][-14.31]
[40][3][0][3][72.25][-11.38][-14.53]
[0][40][0][3][69.86][25.49][-0.31]
[3][40][0][3][68.98][24.31][-1.61]
[40][40][0][3][58.47][9.64][-17.06]
[40][0][3][3][73.28][-13.58][-12.13]
[40][3][3][3][72.06][-12.03][-12.57]
[0][40][3][3][69.79][25.33][1.49]
[3][40][3][3][68.8][24.26][0.15]
[40][40][3][3][58.16][9.24][-15.43]
[0][0][40][3][85.54][-2.43][34.82]
[3][0][40][3][84.5][-3.66][33.29]
[40][0][40][3][71.94][-18.89][14.89]
[0][3][40][3][84.27][-0.54][33.99]
[3][3][40][3][83.26][-1.85][32.54]
[40][3][40][3][70.69][-17.33][14.17]
[0][40][40][3][68.89][23.22][25.2]
[3][40][40][3][67.84][21.94][23.76]
[40][40][40][3][56.04][4.61][6.52]
[3][0][0][40][63.24][-0.76][1.23]
[0][3][0][40][63.04][1.38][2.05]
[3][3][0][40][62.28][0.64][1]
[40][3][0][40][53.19][-8.28][-10.98]
[3][40][0][40][50.57][17.83][-1.59]
[0][0][3][40][63.93][-0.25][3.98]
[3][0][3][40][63.14][-0.98][2.92]
[40][0][3][40][53.94][-9.95][-9.24]
[0][3][3][40][62.95][1.23][3.6]
[3][3][3][40][61.62][0.26][2.47]
[40][3][3][40][52.92][-8.75][-9.5]
[0][40][3][40][51.15][18.54][0.76]
[3][40][3][40][50.29][17.68][-0.26]
[40][40][3][40][42.8][7.03][-11.5]
[3][0][40][40][61.71][-3.29][23.28]
[0][3][40][40][61.51][-0.96][23.81]
[3][3][40][40][60.66][-1.93][22.7]
[40][3][40][40][51.95][-12.93][9.86]
[3][40][40][40][49.52][15.34][16.71]
[0][0][0][10][83.28][-0.02][3.49]
[0][0][10][10][82.69][-0.69][10.64]
[0][0][20][10][82.12][-1.32][17.84]
[0][0][40][10][81.08][-2.45][32.77]
[0][0][70][10][79.63][-3.56][57.72]
[0][10][0][10][78.94][5.9][2.37]
[0][10][10][10][78.48][5.28][9.14]
[0][10][20][10][77.97][4.64][16.07]
[0][10][40][10][77.06][3.55][30.29]
[0][10][70][10][75.83][2.49][54.18]
[0][20][0][10][74.75][11.72][1.33]
[0][20][10][10][74.34][11.15][7.75]
[0][20][20][10][73.94][10.48][14.45]
[0][20][40][10][73.16][9.41][28]
[0][20][70][10][72.08][8.46][50.75]
[0][40][0][10][66.24][24.15][-0.49]
[0][40][10][10][66][23.54][5.48]
[0][40][20][10][65.75][22.97][11.58]
[0][40][40][10][65.31][21.9][23.72]
[0][40][70][10][64.61][20.88][44.19]
[0][70][0][10][53.4][45.52][-1.93]
[0][70][10][10][53.4][44.95][3.01]
[0][70][20][10][53.42][44.27][8.21]
[0][70][40][10][53.37][43.12][18.37]
[0][70][70][10][53.13][41.77][35.24]
[10][0][0][10][79.83][-3.02][-0.88]
[10][0][10][10][79.33][-3.96][6.24]
[10][0][20][10][78.83][-4.77][13.37]
[10][0][40][10][77.89][-6.23][28.05]
[10][0][70][10][76.62][-7.57][52.61]
[10][10][0][10][75.7][2.74][-1.9]
[10][10][10][10][75.06][1.26][4.69]
[10][10][20][10][74.58][0.4][11.79]
[10][10][40][10][73.76][-0.86][25.54]
[10][10][70][10][72.64][-1.97][49.84]
[10][20][0][10][71.68][8.4][-2.86]
[10][20][10][10][70.9][7.23][3.37]
[10][20][20][10][70.49][6.35][10.12]
[10][20][40][10][69.8][5.08][23.28]
[10][20][70][10][68.82][3.93][46.38]
[10][40][0][10][63.49][20.48][-4.58]
[10][40][10][10][62.71][19.74][1.12]
[10][40][20][10][62.4][18.95][7.24]
[10][40][40][10][61.83][17.59][18.97]
[10][40][70][10][61.26][16.26][39.8]
[10][70][0][10][51.16][41.48][-5.86]
[10][70][10][10][50.43][41.35][-1.1]
[10][70][20][10][50.32][40.52][3.94]
[10][70][40][10][50.1][39.13][13.79]
[10][70][70][10][49.78][37.52][30.74]
[20][0][0][10][76.4][-6][-5.18]
[20][0][10][10][75.98][-7.2][1.86]
[20][0][20][10][75.51][-8.16][8.88]
[20][0][40][10][74.66][-9.99][23.31]
[20][0][70][10][73.53][-11.57][47.35]
[20][10][0][10][72.46][-0.42][-6.12]
[20][10][10][10][71.66][-2.32][0.13]
[20][10][20][10][71.2][-3.36][7.16]
[20][10][40][10][70.49][-4.92][20.75]
[20][10][70][10][69.47][-6.21][44.55]
[20][20][0][10][68.6][5.08][-7.01]
[20][20][10][10][67.63][3.5][-1.1]
[20][20][20][10][67.22][2.43][5.55]
[20][20][40][10][66.45][0.73][18.44]
[20][20][70][10][65.48][-0.69][41.47]
[20][40][0][10][60.76][16.83][-8.6]
[20][40][10][10][59.81][15.75][-3.14]
[20][40][20][10][59.23][14.72][2.76]
[20][40][40][10][58.57][13.08][14.27]
[20][40][70][10][57.94][11.49][35]
[20][70][0][10][48.91][37.35][-9.83]
[20][70][10][10][48.03][36.99][-5.16]
[20][70][20][10][47.4][36.3][-0.38]
[20][70][40][10][47.02][34.64][9.17]
[20][70][70][10][46.63][32.77][25.99]
[40][0][0][10][69.6][-12.37][-13.75]
[40][0][10][10][69.29][-14.01][-6.84]
[40][0][20][10][68.94][-15.45][0.02]
[40][0][40][10][68.28][-18.03][13.94]
[40][0][70][10][67.33][-20.28][36.98]
[40][10][0][10][66.02][-7.07][-14.51]
[40][10][10][10][65.45][-9.09][-8.13]
[40][10][20][10][65.04][-10.54][-1.38]
[40][10][40][10][64.33][-13.02][11.77]
[40][10][70][10][63.45][-15.06][34.55]
[40][20][0][10][62.52][-1.87][-15.24]
[40][20][10][10][61.79][-3.66][-9.13]
[40][20][20][10][61.25][-5.19][-2.77]
[40][20][40][10][60.49][-7.56][9.75]
[40][20][70][10][59.62][-9.71][31.8]
[40][40][0][10][55.46][9.22][-16.42]
[40][40][10][10][54.49][7.89][-10.93]
[40][40][20][10][53.82][6.63][-5.18]
[40][40][40][10][53.07][4.27][6]
[40][40][70][10][52.22][2][25.91]
[40][70][0][10][44.53][28.81][-17.4]
[40][70][10][10][43.56][28.19][-12.76]
[40][70][20][10][42.83][27.25][-8.04]
[40][70][40][10][42.03][25.25][1.12]
[40][70][70][10][41.51][22.78][17.4]
[70][0][0][10][59.59][-23.44][-26.51]
[70][0][10][10][59.38][-25.74][-19.91]
[70][0][20][10][59.13][-27.81][-13.36]
[70][0][40][10][58.59][-31.68][-0.26]
[70][0][70][10][57.56][-35.96][21.08]
[70][10][0][10][56.6][-18.57][-26.84]
[70][10][10][10][56.35][-20.83][-20.35]
[70][10][20][10][56.01][-22.87][-13.98]
[70][10][40][10][55.37][-26.52][-1.52]
[70][10][70][10][54.37][-30.72][19.57]
[70][20][0][10][53.65][-13.76][-27.16]
[70][20][10][10][53.26][-15.82][-20.95]
[70][20][20][10][52.85][-17.83][-14.72]
[70][20][40][10][52.12][-21.32][-2.89]
[70][20][70][10][51.15][-25.39][17.61]
[70][40][0][10][47.65][-3.58][-27.71]
[70][40][10][10][47.04][-5.3][-22.05]
[70][40][20][10][46.47][-7.04][-16.38]
[70][40][40][10][45.6][-10.31][-5.75]
[70][40][70][10][44.73][-13.93][12.94]
[70][70][0][10][38.02][14.3][-28.3]
[70][70][10][10][37.19][13.42][-23.53]
[70][70][20][10][36.54][12.2][-18.78]
[70][70][40][10][35.74][9.53][-9.8]
[70][70][70][10][35.09][5.91][5.63]
[50][40][40][0][54.54][-0.14][2.55]
[100][0][0][10][51.86][-33.53][-36.62]
[0][100][0][10][43.5][64.5][-1.83]
[0][0][100][10][78.71][-3.87][80.93]
[0][100][100][10][43.71][58.84][41.44]
[100][0][100][10][47.4][-55.6][25.36]
[100][100][0][10][25.13][15.86][-37.35]